"LocationID" "Level" "RegionID" "CityID"
"1" 7 3 83 2386
"2" 23 3 28 3224
"3" 26 3 41 1316
"4" 30 3 63 2565
"5" 32 3 28 2819
"6" 35 3 38 1564
"7" 39 3 55 1881
"8" 44 3 55 746
"9" 53 3 83 3588
"10" 63 3 28 2026
"11" 67 3 41 2256
"12" 69 3 42 1228
"13" 72 3 28 1953
"14" 79 2 41 1814
"15" 81 3 55 3255
"16" 83 3 38 256
"17" 84 2 83 3692
"18" 94 3 7 2504
"19" 101 3 67 1151
"20" 102 3 79 2444
"21" 103 3 77 1999
"22" 104 3 13 2808
"23" 105 3 30 2372
"24" 106 3 66 2874
"25" 107 3 38 1804
"26" 108 3 63 1779
"27" 109 3 38 1104
"28" 110 3 45 2628
"29" 112 3 4 1617
"30" 113 3 33 1852
"31" 114 3 59 1414
"32" 115 3 44 2109
"33" 116 3 56 438
"34" 117 3 9 3119
"35" 118 3 56 1197
"36" 119 3 53 979
"37" 120 3 46 700
"38" 121 3 7 3472
"39" 122 3 54 1719
"40" 123 3 1 2978
"41" 124 3 64 3373
"42" 125 3 42 1671
"43" 126 3 39 3152
"44" 127 3 36 2148
"45" 128 3 43 2259
"46" 129 3 6 878
"47" 130 3 14 1789
"48" 131 3 50 3248
"49" 132 3 67 1816
"50" 133 3 79 647
"51" 134 3 77 1052
"52" 135 3 13 3324
"53" 136 3 30 1419
"54" 137 3 66 793
"55" 139 3 38 1995
"56" 140 3 63 2269
"57" 141 3 38 862
"58" 142 3 45 601
"59" 144 3 26 317
"60" 145 3 33 1204
"61" 146 3 55 1044
"62" 147 3 20 3139
"63" 148 3 44 335
"64" 149 3 56 2248
"65" 150 3 84 3336
"66" 151 3 56 1259
"67" 152 3 53 1914
"68" 153 3 29 3162
"69" 154 3 7 2504
"70" 155 3 51 1268
"71" 156 3 64 1185
"72" 157 3 37 2715
"73" 158 3 48 1775
"74" 159 3 36 2138
"75" 161 3 43 2192
"76" 162 3 6 560
"77" 163 3 14 1258
"78" 165 3 22 1547
"79" 166 3 32 2077
"80" 167 3 72 2605
"81" 168 3 24 3666
"82" 169 3 13 2614
"83" 170 3 30 2027
"84" 171 3 11 189
"85" 173 3 38 2909
"86" 174 3 63 1608
"87" 175 3 38 2131
"88" 176 3 23 1003
"89" 177 3 75 1808
"90" 178 3 45 1449
"91" 180 3 20 1827
"92" 181 3 44 1739
"93" 182 3 56 2350
"94" 183 3 84 1032
"95" 184 3 56 1095
"96" 185 3 49 3610
"97" 186 3 29 1947
"98" 187 3 7 3657
"99" 188 3 51 1153
"100" 189 3 81 3247
"101" 190 3 70 125
"102" 191 3 37 2910
"103" 192 3 48 3572
"104" 193 3 36 2835
"105" 194 3 16 394
"106" 195 3 6 1201
"107" 196 3 35 1274
"108" 197 3 14 2535
"109" 198 3 22 1613
"110" 199 3 32 2136
"111" 200 3 12 3267
"112" 201 3 24 900
"113" 202 3 73 1053
"114" 203 3 68 3569
"115" 204 3 11 198
"116" 206 3 38 1477
"117" 207 3 34 1633
"118" 208 3 38 1647
"119" 209 2 23 852
"120" 210 3 75 78
"121" 211 3 45 565
"122" 212 3 20 1148
"123" 213 3 27 2144
"124" 214 3 56 2539
"125" 215 3 56 184
"126" 216 3 49 1248
"127" 218 3 29 1664
"128" 219 3 19 1295
"129" 220 3 17 2865
"130" 221 3 81 2744
"131" 222 3 54 2392
"132" 223 3 15 1024
"133" 224 3 52 235
"134" 225 3 42 2037
"135" 226 3 16 3611
"136" 227 3 3 2811
"137" 228 3 35 1726
"138" 229 3 14 1916
"139" 230 3 2 2951
"140" 231 2 32 1396
"141" 232 3 12 426
"142" 233 3 57 76
"143" 234 3 5 986
"144" 235 3 68 2484
"145" 236 3 13 2435
"146" 237 3 40 2595
"147" 238 3 38 3716
"148" 239 3 63 1330
"149" 240 3 75 1207
"150" 241 3 45 1042
"151" 242 3 20 3102
"152" 243 3 65 3545
"153" 244 3 56 1958
"154" 245 3 56 2600
"155" 246 3 60 3387
"156" 247 3 61 783
"157" 248 3 19 3228
"158" 250 3 20 1562
"159" 251 3 17 3003
"160" 252 3 10 3390
"161" 254 3 54 1174
"162" 255 3 1 511
"163" 256 3 52 2319
"164" 257 3 42 1701
"165" 258 3 39 2158
"166" 259 3 71 578
"167" 260 3 35 2188
"168" 261 3 6 345
"169" 262 3 14 238
"170" 263 3 80 151
"171" 264 3 25 2323
"172" 265 3 67 2245
"173" 266 3 79 1760
"174" 267 3 68 2522
"175" 268 3 13 440
"176" 269 3 66 1159
"177" 270 3 38 3594
"178" 271 3 63 3242
"179" 273 3 75 2080
"180" 274 3 45 29
"181" 275 3 4 1404
"182" 276 3 65 3608
"183" 277 3 59 1519
"184" 278 3 56 23
"185" 279 3 9 2655
"186" 280 3 61 2315
"187" 281 3 19 2025
"188" 282 3 46 2906
"189" 283 3 82 1521
"190" 284 3 54 3176
"191" 285 3 1 3079
"192" 286 3 62 3515
"193" 287 3 42 1136
"194" 288 3 39 304
"195" 289 3 36 1320
"196" 290 3 35 2869
"197" 291 3 6 483
"198" 292 3 14 2321
"199" 293 3 25 2937
"200" 294 3 67 2423
"201" 295 3 79 2123
"202" 296 3 77 2205
"203" 297 3 13 3578
"204" 298 3 30 1805
"205" 299 3 66 1843
"206" 301 3 38 2177
"207" 302 3 63 322
"208" 303 3 38 1956
"209" 304 3 45 1732
"210" 305 3 26 2441
"211" 306 3 33 98
"212" 307 2 59 2576
"213" 308 3 44 86
"214" 309 3 56 924
"215" 310 3 9 1437
"216" 311 3 56 2832
"217" 312 3 53 2451
"218" 313 3 29 1884
"219" 314 3 7 687
"220" 315 3 54 3379
"221" 316 3 51 1720
"222" 317 3 64 235
"223" 318 3 37 1784
"224" 319 3 48 2730
"225" 320 3 36 1523
"226" 322 3 43 2456
"227" 323 3 6 1202
"228" 324 3 14 1859
"229" 326 3 50 2039
"230" 327 3 32 1977
"231" 328 3 72 1943
"232" 329 3 24 1848
"233" 330 3 13 3150
"234" 331 3 30 3066
"235" 332 3 66 2120
"236" 334 3 38 2427
"237" 335 3 63 3006
"238" 336 3 38 574
"239" 337 3 23 530
"240" 338 3 26 3108
"241" 339 3 45 2968
"242" 340 3 20 730
"243" 341 3 44 2731
"244" 342 3 56 3194
"245" 343 3 84 2995
"246" 344 3 56 3599
"247" 345 2 53 2226
"248" 346 3 29 1302
"249" 347 3 7 3016
"250" 349 3 51 822
"251" 350 3 64 816
"252" 351 3 37 2209
"253" 352 3 48 1833
"254" 353 3 36 1903
"255" 354 3 16 756
"256" 355 3 6 3364
"257" 356 3 58 1657
"258" 357 3 14 1282
"259" 358 3 22 2387
"260" 359 3 20 2769
"261" 360 3 32 2724
"262" 361 2 72 3063
"263" 362 3 24 1412
"264" 363 3 73 1597
"265" 364 3 68 1343
"266" 365 3 11 2959
"267" 367 3 38 2472
"268" 368 3 34 433
"269" 369 3 38 1679
"270" 370 3 23 1126
"271" 371 3 75 3061
"272" 372 3 45 584
"273" 374 3 20 3473
"274" 375 3 27 597
"275" 376 3 56 1353
"276" 377 3 56 2717
"277" 378 3 49 281
"278" 380 3 29 1692
"279" 381 3 19 1466
"280" 382 3 17 2640
"281" 383 3 81 1812
"282" 384 3 54 1007
"283" 385 3 15 946
"284" 386 3 52 2625
"285" 387 3 42 2764
"286" 388 3 16 88
"287" 389 3 3 2988
"288" 390 3 35 3141
"289" 391 3 14 1886
"290" 392 3 2 3516
"291" 393 3 32 2548
"292" 394 3 12 2502
"293" 395 3 57 851
"294" 396 3 5 2756
"295" 397 3 68 1156
"296" 398 3 13 3060
"297" 400 3 38 2414
"298" 401 2 55 2352
"299" 403 3 38 3548
"300" 404 3 63 2557
"301" 405 3 75 3327
"302" 406 3 45 2757
"303" 407 3 20 18
"304" 408 3 65 245
"305" 409 3 56 70
"306" 410 3 84 1684
"307" 411 3 56 1625
"308" 412 3 60 420
"309" 413 3 29 2922
"310" 414 3 19 50
"311" 415 3 17 3674
"312" 416 3 74 4
"313" 418 3 54 127
"314" 419 3 1 2646
"315" 420 3 52 2383
"316" 421 3 42 66
"317" 422 3 16 2450
"318" 423 3 71 3235
"319" 424 3 35 548
"320" 425 3 14 386
"321" 426 3 14 177
"322" 427 3 80 327
"323" 428 3 12 2979
"324" 429 3 67 3318
"325" 430 3 79 591
"326" 431 3 68 974
"327" 432 3 13 3597
"328" 433 3 40 1446
"329" 434 3 66 1017
"330" 435 3 38 1301
"331" 436 3 63 2238
"332" 437 3 75 776
"333" 438 3 45 1236
"334" 439 3 4 476
"335" 440 3 65 3464
"336" 441 3 76 2121
"337" 442 3 84 172
"338" 443 3 56 1336
"339" 444 3 60 1390
"340" 445 3 61 977
"341" 446 3 19 1441
"342" 448 3 46 2272
"343" 449 3 82 579
"344" 451 3 54 1170
"345" 452 3 1 1721
"346" 453 3 62 1991
"347" 454 3 42 1917
"348" 455 3 39 145
"349" 456 3 28 814
"350" 457 2 71 3057
"351" 458 3 35 3425
"352" 459 3 6 545
"353" 460 3 14 3723
"354" 461 3 25 950
"355" 462 3 67 718
"356" 463 3 79 1138
"357" 464 3 77 99
"358" 465 3 13 431
"359" 466 3 30 2661
"360" 467 3 66 400
"361" 468 3 38 739
"362" 469 3 63 178
"363" 470 3 38 254
"364" 471 3 45 3714
"365" 472 3 4 2419
"366" 473 3 33 865
"367" 474 3 41 1398
"368" 475 3 59 76
"369" 476 3 44 2382
"370" 477 3 56 1512
"371" 478 3 9 2523
"372" 479 3 56 1600
"373" 480 3 53 1669
"374" 482 3 29 2056
"375" 483 3 7 1622
"376" 485 3 54 1471
"377" 486 3 51 3469
"378" 487 3 64 1183
"379" 488 3 42 3379
"380" 489 2 39 1694
"381" 490 3 36 3094
"382" 491 3 43 2776
"383" 492 3 6 2622
"384" 493 3 14 492
"385" 494 3 50 1555
"386" 495 3 32 46
"387" 496 3 79 2019
"388" 497 3 8 1912
"389" 498 3 13 1903
"390" 499 3 30 2828
"391" 500 3 66 2087
"392" 501 3 38 134
"393" 502 3 63 399
"394" 503 3 38 1082
"395" 504 3 45 663
"396" 505 3 26 1668
"397" 506 3 33 3262
"398" 507 3 20 1645
"399" 508 3 44 3546
"400" 509 3 56 3138
"401" 510 3 56 314
"402" 511 3 53 855
"403" 512 3 29 2786
"404" 513 3 7 3627
"405" 515 3 51 271
"406" 516 3 64 2499
"407" 517 3 37 2093
"408" 518 3 48 1110
"409" 519 3 36 1576
"410" 521 3 43 1255
"411" 522 3 6 10
"412" 523 3 14 2508
"413" 524 3 22 3427
"414" 525 3 28 2912
"415" 526 3 32 1215
"416" 527 3 72 2559
"417" 528 3 24 2955
"418" 529 3 13 903
"419" 530 3 30 1384
"420" 531 3 11 126
"421" 532 3 38 2330
"422" 533 3 63 2834
"423" 534 3 38 1406
"424" 535 3 23 2943
"425" 536 3 75 2279
"426" 537 3 45 604
"427" 539 3 20 365
"428" 540 3 27 1919
"429" 541 3 56 3302
"430" 542 3 38 3503
"431" 543 3 56 2625
"432" 544 3 49 5
"433" 546 3 29 2106
"434" 547 3 19 2115
"435" 549 3 17 3585
"436" 550 3 81 1533
"437" 551 3 70 1267
"438" 552 3 37 1757
"439" 553 3 52 38
"440" 554 3 36 3098
"441" 555 3 16 89
"442" 556 3 6 2930
"443" 557 3 35 2322
"444" 558 3 14 2736
"445" 559 3 22 3148
"446" 560 3 32 3213
"447" 561 3 12 1712
"448" 562 3 57 2437
"449" 563 3 73 2309
"450" 564 3 68 3478
"451" 565 2 11 445
"452" 566 3 38 2199
"453" 567 3 34 1287
"454" 568 3 38 2102
"455" 569 3 69 1632
"456" 570 3 63 3670
"457" 571 3 75 1093
"458" 572 3 45 2231
"459" 573 3 20 987
"460" 574 3 27 2278
"461" 575 3 56 1351
"462" 576 3 56 2791
"463" 577 3 60 831
"464" 578 3 29 2503
"465" 579 3 19 1710
"466" 581 3 17 3646
"467" 582 3 74 1911
"468" 583 3 54 673
"469" 584 3 1 284
"470" 585 3 52 1774
"471" 586 3 42 1363
"472" 587 3 16 2910
"473" 588 3 3 1073
"474" 589 3 35 2299
"475" 590 3 14 1081
"476" 591 3 2 1673
"477" 593 3 20 800
"478" 594 3 80 3438
"479" 595 3 12 2518
"480" 596 3 67 100
"481" 597 3 5 430
"482" 598 3 68 2778
"483" 599 3 13 3276
"484" 600 3 40 1813
"485" 601 3 55 2203
"486" 602 3 38 1843
"487" 603 3 63 1866
"488" 604 3 75 2306
"489" 605 3 45 3312
"490" 606 3 20 1733
"491" 607 3 65 1846
"492" 608 3 84 856
"493" 609 3 56 2926
"494" 610 3 60 1517
"495" 611 3 61 80
"496" 612 3 19 3605
"497" 614 3 17 1300
"498" 615 3 82 3361
"499" 617 3 54 3407
"500" 618 3 1 55
"501" 619 3 62 707
"502" 620 3 42 109
"503" 622 3 39 1251
"504" 623 3 78 899
"505" 624 3 71 3408
"506" 625 3 35 1723
"507" 626 3 6 582
"508" 628 3 14 3524
"509" 629 3 80 2561
"510" 630 3 25 1536
"511" 632 3 28 840
"512" 635 3 41 867
"513" 639 3 69 404
"514" 640 2 78 3485
"515" 642 3 55 2062
"516" 648 3 55 1877
"517" 656 3 21 216
"518" 663 3 83 2335
"519" 669 3 28 1028
"520" 673 3 41 2584
"521" 676 3 42 2830
"522" 677 3 56 1246
"523" 678 3 84 3284
"524" 679 3 56 3328
"525" 680 3 53 1038
"526" 682 3 29 2514
"527" 683 3 7 2425
"528" 684 3 51 3014
"529" 685 3 64 192
"530" 686 3 37 798
"531" 687 3 48 2014
"532" 688 3 36 1754
"533" 689 3 16 3125
"534" 690 3 6 1858
"535" 691 3 58 366
"536" 692 3 14 2153
"537" 693 3 22 75
"538" 694 3 32 3288
"539" 695 3 72 2597
"540" 696 3 24 1888
"541" 697 2 13 472
"542" 698 3 68 2408
"543" 699 3 11 1448
"544" 701 3 38 2160
"545" 702 3 34 405
"546" 703 3 38 3612
"547" 704 3 23 2296
"548" 705 3 75 1399
"549" 706 3 45 179
"550" 708 3 20 884
"551" 709 3 27 1755
"552" 710 3 56 3432
"553" 711 3 84 2562
"554" 712 3 56 3607
"555" 713 3 49 2821
"556" 715 3 29 1332
"557" 716 3 19 34
"558" 717 3 83 1908
"559" 718 3 17 571
"560" 719 3 81 3332
"561" 720 2 70 3024
"562" 721 3 15 928
"563" 722 3 52 1165
"564" 723 3 42 1962
"565" 724 3 16 2797
"566" 725 3 3 1689
"567" 726 3 35 3171
"568" 727 3 14 2807
"569" 728 3 2 2267
"570" 729 3 32 916
"571" 730 3 12 1256
"572" 731 3 57 3154
"573" 732 3 5 1490
"574" 733 3 68 1128
"575" 734 3 13 636
"576" 736 3 38 2450
"577" 737 2 34 1450
"578" 738 3 38 163
"579" 739 3 63 51
"580" 740 3 75 605
"581" 741 3 45 2258
"582" 742 3 20 17
"583" 743 3 65 1025
"584" 744 3 56 466
"585" 745 3 56 3362
"586" 746 3 60 2312
"587" 747 3 29 3323
"588" 748 3 19 1111
"589" 750 3 17 373
"590" 751 3 74 992
"591" 752 3 54 1018
"592" 753 3 1 1116
"593" 754 3 52 2910
"594" 755 3 42 1433
"595" 756 3 16 3299
"596" 757 3 71 754
"597" 758 3 35 365
"598" 759 3 14 160
"599" 760 2 2 72
"600" 761 3 80 2072
"601" 762 3 12 3216
"602" 763 3 67 3197
"603" 764 3 79 2096
"604" 765 3 68 962
"605" 766 3 13 999
"606" 767 3 40 2141
"607" 768 3 66 2761
"608" 769 3 38 1729
"609" 770 3 63 640
"610" 771 3 75 2871
"611" 772 3 45 2159
"612" 773 3 4 2006
"613" 774 3 65 1339
"614" 775 3 76 955
"615" 776 3 84 1359
"616" 777 3 56 2152
"617" 778 3 60 2357
"618" 779 3 61 2538
"619" 780 3 19 1442
"620" 782 3 46 1989
"621" 783 3 82 53
"622" 784 3 54 875
"623" 785 3 1 1281
"624" 786 3 62 2146
"625" 787 3 42 861
"626" 788 3 39 2575
"627" 789 3 71 1981
"628" 790 3 35 2541
"629" 791 3 6 2103
"630" 792 3 14 1462
"631" 793 3 25 793
"632" 794 3 67 1604
"633" 795 3 79 497
"634" 796 3 77 1755
"635" 797 3 13 286
"636" 798 3 30 2862
"637" 799 3 66 595
"638" 800 3 38 2496
"639" 801 3 63 1751
"640" 802 3 38 907
"641" 803 3 45 2677
"642" 805 3 4 1395
"643" 806 3 33 2234
"644" 808 3 59 3482
"645" 809 3 44 569
"646" 810 3 56 2932
"647" 811 3 9 858
"648" 812 3 56 505
"649" 813 3 53 1159
"650" 814 3 29 1918
"651" 815 3 7 1465
"652" 816 3 54 360
"653" 817 3 51 3604
"654" 818 3 64 583
"655" 819 3 42 3285
"656" 820 3 39 2619
"657" 821 3 36 291
"658" 822 3 43 283
"659" 823 3 6 2266
"660" 824 3 14 3418
"661" 825 3 50 2933
"662" 826 2 67 2831
"663" 827 3 79 1971
"664" 828 3 8 732
"665" 829 3 13 1896
"666" 830 3 30 3028
"667" 831 3 66 760
"668" 832 3 38 3601
"669" 833 3 63 2900
"670" 834 3 38 991
"671" 835 3 45 3388
"672" 836 3 26 1420
"673" 837 3 33 1429
"674" 838 3 20 2362
"675" 839 3 44 2942
"676" 840 3 56 103
"677" 841 3 56 1766
"678" 842 3 53 997
"679" 843 3 29 1831
"680" 844 3 7 2766
"681" 845 3 51 738
"682" 846 3 64 2079
"683" 847 3 37 3254
"684" 848 3 48 637
"685" 849 3 36 1626
"686" 850 3 43 1307
"687" 851 3 6 2679
"688" 852 3 14 2713
"689" 853 3 22 1381
"690" 854 3 28 1749
"691" 855 3 32 859
"692" 856 3 72 1903
"693" 857 3 24 2533
"694" 858 3 13 1930
"695" 859 3 30 349
"696" 860 3 11 3021
"697" 861 3 38 3341
"698" 862 3 63 2366
"699" 863 3 38 1177
"700" 864 3 23 778
"701" 865 3 75 809
"702" 866 3 45 723
"703" 867 3 20 1048
"704" 868 3 27 1039
"705" 869 3 56 965
"706" 870 3 56 1375
"707" 871 3 49 3511
"708" 873 3 29 113
"709" 874 3 19 2633
"710" 875 3 41 3340
"711" 877 3 17 3350
"712" 878 3 81 2127
"713" 879 3 70 2003
"714" 880 3 37 1478
"715" 881 3 52 507
"716" 882 3 36 31
"717" 883 3 16 1682
"718" 884 3 6 969
"719" 885 3 35 3220
"720" 886 3 14 3342
"721" 887 3 22 796
"722" 888 3 20 2257
"723" 889 3 32 1284
"724" 890 3 12 2610
"725" 891 3 57 2661
"726" 892 3 73 2291
"727" 893 3 68 1115
"728" 894 3 11 1867
"729" 896 3 38 2201
"730" 897 3 34 3580
"731" 898 3 38 1314
"732" 899 3 63 3710
"733" 900 3 75 988
"734" 901 3 45 55
"735" 902 3 20 383
"736" 903 3 27 2309
"737" 904 3 56 3658
"738" 905 3 84 963
"739" 906 3 56 3322
"740" 907 3 60 552
"741" 908 3 29 3001
"742" 909 3 19 3154
"743" 910 3 17 1857
"744" 911 3 74 1037
"745" 912 3 54 1777
"746" 913 2 15 537
"747" 914 3 52 1423
"748" 915 3 42 3159
"749" 916 3 16 3655
"750" 917 3 3 2718
"751" 918 3 35 1092
"752" 919 3 14 1081
"753" 920 3 2 2896
"754" 922 3 80 3164
"755" 923 3 12 196
"756" 924 2 57 2480
"757" 925 3 5 3075
"758" 926 3 68 3475
"759" 927 3 13 2489
"760" 928 3 40 365
"761" 929 3 38 1212
"762" 930 3 63 1199
"763" 931 3 75 1249
"764" 932 3 45 2985
"765" 933 3 20 498
"766" 934 3 65 377
"767" 935 3 56 233
"768" 936 3 60 3355
"769" 937 3 61 1068
"770" 938 3 19 171
"771" 939 3 17 775
"772" 940 3 82 3667
"773" 941 3 54 503
"774" 942 3 1 3347
"775" 943 3 38 3634
"776" 944 3 62 3033
"777" 945 3 42 619
"778" 947 3 39 207
"779" 948 3 71 847
"780" 949 3 35 3445
"781" 950 3 6 2534
"782" 952 3 14 359
"783" 953 3 80 1376
"784" 954 3 25 2748
"785" 955 3 67 109
"786" 956 3 79 3209
"787" 957 3 77 1349
"788" 958 3 13 326
"789" 959 3 66 1785
"790" 960 3 38 1804
"791" 961 3 63 2827
"792" 962 3 38 2073
"793" 963 3 45 1817
"794" 964 3 4 1254
"795" 965 3 33 344
"796" 966 3 59 484
"797" 967 3 44 1064
"798" 968 3 56 32
"799" 969 3 9 1870
"800" 970 3 56 3346
"801" 971 2 19 629
"802" 972 3 46 209
"803" 973 3 7 477
"804" 974 3 54 825
"805" 975 3 1 517
"806" 976 2 62 2664
"807" 977 3 42 132
"808" 978 3 39 2089
"809" 979 3 36 631
"810" 980 2 35 1484
"811" 981 3 6 1213
"812" 982 3 14 3198
"813" 983 3 50 2088
"814" 984 3 67 1652
"815" 985 3 79 3459
"816" 986 3 77 213
"817" 987 3 13 2268
"818" 988 3 30 518
"819" 989 3 66 94
"820" 991 3 38 3708
"821" 992 3 63 3383
"822" 993 3 38 972
"823" 994 3 45 1842
"824" 995 3 26 1571
"825" 996 3 33 1563
"826" 997 3 55 3219
"827" 998 3 20 461
"828" 999 3 44 2440
"829" 1000 3 56 1141
"830" 1001 3 56 1434
"831" 1002 3 53 556
"832" 1003 3 29 1717
"833" 1004 3 7 994
"834" 1005 2 54 2317
"835" 1006 3 51 3568
"836" 1007 3 64 3082
"837" 1008 3 37 1687
"838" 1009 3 48 3497
"839" 1010 3 36 3609
"840" 1011 3 43 3536
"841" 1012 3 6 2107
"842" 1013 3 14 610
"843" 1015 3 22 939
"844" 1016 3 32 3376
"845" 1017 3 72 875
"846" 1018 3 24 3664
"847" 1019 3 13 1422
"848" 1020 3 30 333
"849" 1021 3 11 3037
"850" 1023 3 38 1929
"851" 1024 3 63 2657
"852" 1025 3 38 2249
"853" 1026 3 23 309
"854" 1027 3 75 1210
"855" 1028 3 45 2203
"856" 1029 3 20 2915
"857" 1030 3 44 496
"858" 1031 3 56 1913
"859" 1032 3 56 201
"860" 1033 3 49 1776
"861" 1035 3 29 3221
"862" 1036 3 7 3494
"863" 1038 3 51 2130
"864" 1039 3 81 110
"865" 1040 3 70 2928
"866" 1041 3 37 1790
"867" 1042 3 48 3643
"868" 1043 3 36 1967
"869" 1044 3 16 1076
"870" 1045 3 6 2767
"871" 1046 2 58 2570
"872" 1047 3 14 37
"873" 1048 3 22 336
"874" 1049 3 20 1984
"875" 1050 3 32 3512
"876" 1051 3 12 3367
"877" 1052 3 24 735
"878" 1053 3 73 3337
"879" 1054 3 68 1778
"880" 1055 3 11 1551
"881" 1057 3 38 1096
"882" 1058 3 34 3185
"883" 1059 3 38 272
"884" 1060 3 23 2050
"885" 1061 3 75 2471
"886" 1062 3 45 2473
"887" 1063 3 20 1108
"888" 1064 3 27 2797
"889" 1065 3 56 3528
"890" 1066 3 84 2753
"891" 1067 3 56 458
"892" 1068 3 49 289
"893" 1070 3 29 3322
"894" 1071 3 19 3094
"895" 1073 3 17 2288
"896" 1074 3 81 794
"897" 1076 3 54 685
"898" 1077 3 15 3218
"899" 1078 3 52 1009
"900" 1079 3 42 2458
"901" 1080 3 16 2294
"902" 1081 3 3 2059
"903" 1082 3 35 674
"904" 1083 3 14 2521
"905" 1084 3 2 3462
"906" 1085 3 32 2573
"907" 1086 3 12 2758
"908" 1087 3 57 2304
"909" 1088 3 5 898
"910" 1089 3 68 3229
"911" 1090 3 13 3533
"912" 1091 3 40 2801
"913" 1092 3 21 2879
"914" 1093 3 38 2375
"915" 1094 3 63 848
"916" 1095 3 75 3263
"917" 1096 3 45 2302
"918" 1097 3 20 229
"919" 1098 3 65 3282
"920" 1099 3 56 219
"921" 1100 3 56 453
"922" 1101 3 60 2493
"923" 1102 2 29 1133
"924" 1103 3 19 353
"925" 1105 3 20 2466
"926" 1106 3 17 1783
"927" 1107 3 10 397
"928" 1108 3 54 3331
"929" 1109 3 1 1628
"930" 1110 3 52 909
"931" 1111 3 42 1215
"932" 1113 3 39 1586
"933" 1114 3 71 2918
"934" 1115 3 35 577
"935" 1116 2 14 495
"936" 1117 3 14 2775
"937" 1118 3 80 1920
"938" 1119 3 25 2989
"939" 1120 3 67 2696
"940" 1121 3 79 1763
"941" 1122 3 68 2394
"942" 1123 3 13 2823
"943" 1124 2 40 1699
"944" 1125 3 66 682
"945" 1126 3 38 2911
"946" 1127 3 63 2870
"947" 1129 3 75 140
"948" 1130 3 45 2567
"949" 1131 3 4 3717
"950" 1132 3 65 2183
"951" 1133 3 59 3479
"952" 1134 3 56 2404
"953" 1135 3 9 3671
"954" 1136 3 61 1613
"955" 1137 3 19 976
"956" 1139 3 46 3354
"957" 1140 3 82 1705
"958" 1141 3 54 3177
"959" 1142 3 1 3115
"960" 1143 3 62 3022
"961" 1144 3 42 3721
"962" 1145 3 39 65
"963" 1146 3 36 1209
"964" 1147 3 35 2652
"965" 1148 3 6 727
"966" 1149 3 14 1100
"967" 1150 3 25 3200
"968" 1151 3 67 3370
"969" 1152 3 79 1937
"970" 1153 3 77 1716
"971" 1154 3 13 278
"972" 1155 3 30 1526
"973" 1156 3 66 436
"974" 1158 3 38 817
"975" 1159 3 63 2529
"976" 1160 3 38 268
"977" 1161 3 45 3436
"978" 1162 3 26 2784
"979" 1163 3 33 1744
"980" 1164 3 59 3678
"981" 1165 3 44 1399
"982" 1166 3 56 612
"983" 1167 3 9 3498
"984" 1168 3 56 433
"985" 1169 3 53 2403
"986" 1170 3 29 1344
"987" 1171 3 7 98
"988" 1173 3 54 3625
"989" 1174 3 51 2704
"990" 1175 3 64 670
"991" 1176 3 37 2825
"992" 1177 3 48 2230
"993" 1178 3 36 1240
"994" 1180 3 43 2751
"995" 1181 3 6 2171
"996" 1182 3 14 3402
"997" 1183 3 50 353
"998" 1184 3 32 3636
"999" 1185 3 72 3380
"1000" 1186 3 24 421
"1001" 1187 3 13 2878
"1002" 1188 3 30 3591
"1003" 1189 3 66 1315
"1004" 1191 3 38 3128
"1005" 1192 3 63 1509
"1006" 1193 3 38 1474
"1007" 1194 2 45 1922
"1008" 1195 3 26 628
"1009" 1196 3 45 3399
"1010" 1197 3 20 2931
"1011" 1198 3 44 2742
"1012" 1200 3 55 2750
"1013" 1220 3 42 2212
"1014" 1222 3 28 1726
"1015" 1226 3 41 1802
"1016" 1233 2 21 701
"1017" 1234 3 28 456
"1018" 1241 2 69 2916
"1019" 1243 3 55 3713
"1020" 1245 3 78 28
"1021" 1250 3 16 2553
"1022" 1251 3 3 2669
"1023" 1252 3 35 1001
"1024" 1253 3 14 3010
"1025" 1254 3 2 1879
"1026" 1256 3 80 3316
"1027" 1257 3 12 1568
"1028" 1258 3 57 1874
"1029" 1259 3 5 71
"1030" 1260 3 68 1742
"1031" 1261 3 13 2355
"1032" 1262 3 40 721
"1033" 1263 3 28 3520
"1034" 1264 3 38 1369
"1035" 1265 3 63 1734
"1036" 1266 3 75 2167
"1037" 1267 3 45 1572
"1038" 1268 3 20 3181
"1039" 1269 3 65 942
"1040" 1270 2 56 2354
"1041" 1271 3 56 199
"1042" 1272 3 60 1451
"1043" 1273 3 61 1734
"1044" 1274 3 19 1144
"1045" 1276 3 17 3384
"1046" 1277 3 82 2292
"1047" 1278 3 54 2447
"1048" 1279 3 1 3291
"1049" 1280 3 62 125
"1050" 1281 3 42 22
"1051" 1282 3 39 3000
"1052" 1283 3 41 437
"1053" 1284 3 71 2592
"1054" 1285 3 35 1815
"1055" 1286 3 6 2965
"1056" 1287 3 14 1986
"1057" 1288 3 80 1388
"1058" 1289 3 25 249
"1059" 1290 3 67 2781
"1060" 1291 3 79 2802
"1061" 1292 3 77 764
"1062" 1293 3 13 2280
"1063" 1294 3 66 2170
"1064" 1295 3 38 3523
"1065" 1296 3 63 1897
"1066" 1297 3 38 2448
"1067" 1298 3 45 3600
"1068" 1299 3 4 2043
"1069" 1300 3 33 368
"1070" 1301 3 59 2213
"1071" 1302 3 44 477
"1072" 1303 3 69 2966
"1073" 1304 3 56 1821
"1074" 1305 3 9 3679
"1075" 1306 2 61 2643
"1076" 1307 3 19 717
"1077" 1308 3 46 3137
"1078" 1309 2 82 3683
"1079" 1311 3 54 1310
"1080" 1312 3 1 2817
"1081" 1313 3 62 3168
"1082" 1314 3 42 3174
"1083" 1315 3 39 749
"1084" 1316 3 36 3626
"1085" 1317 3 35 1291
"1086" 1318 3 6 235
"1087" 1319 3 14 3669
"1088" 1320 2 25 1041
"1089" 1321 3 67 609
"1090" 1322 3 79 3275
"1091" 1323 3 77 614
"1092" 1324 3 13 302
"1093" 1325 3 30 3103
"1094" 1326 3 66 3250
"1095" 1328 3 38 68
"1096" 1329 3 63 230
"1097" 1330 3 38 980
"1098" 1331 3 45 82
"1099" 1332 3 26 258
"1100" 1333 3 33 860
"1101" 1334 3 55 1782
"1102" 1335 3 20 3615
"1103" 1336 3 44 3676
"1104" 1337 3 56 2442
"1105" 1338 2 9 381
"1106" 1339 3 56 1713
"1107" 1340 3 53 3566
"1108" 1341 3 29 1979
"1109" 1342 3 7 1447
"1110" 1343 3 54 13
"1111" 1344 3 51 3191
"1112" 1345 3 64 608
"1113" 1346 3 37 2709
"1114" 1347 3 48 2863
"1115" 1348 3 36 2325
"1116" 1349 3 43 3398
"1117" 1350 3 6 2112
"1118" 1351 3 38 1235
"1119" 1352 3 14 1860
"1120" 1354 3 22 1020
"1121" 1355 3 32 3101
"1122" 1356 3 72 2674
"1123" 1358 3 24 1880
"1124" 1359 3 13 1114
"1125" 1360 3 30 779
"1126" 1361 2 66 2723
"1127" 1363 3 38 3434
"1128" 1364 3 63 2755
"1129" 1365 3 38 1987
"1130" 1366 3 23 3429
"1131" 1367 3 75 1418
"1132" 1368 3 45 131
"1133" 1369 3 20 755
"1134" 1370 3 44 93
"1135" 1371 3 56 1936
"1136" 1372 3 56 2620
"1137" 1373 3 49 1461
"1138" 1375 3 29 237
"1139" 1376 3 7 187
"1140" 1377 3 51 1137
"1141" 1378 3 81 3648
"1142" 1379 3 70 1741
"1143" 1380 3 37 3329
"1144" 1381 3 48 210
"1145" 1382 3 36 2396
"1146" 1383 3 16 57
"1147" 1384 3 6 2261
"1148" 1385 3 14 2273
"1149" 1386 3 22 311
"1150" 1387 3 32 1506
"1151" 1388 3 12 1935
"1152" 1389 3 24 757
"1153" 1390 3 73 1899
"1154" 1391 3 68 119
"1155" 1392 3 11 2827
"1156" 1394 3 38 580
"1157" 1395 3 34 1737
"1158" 1396 3 38 2563
"1159" 1397 3 23 3293
"1160" 1398 3 75 1380
"1161" 1399 3 45 2353
"1162" 1400 3 20 2887
"1163" 1401 3 27 2946
"1164" 1402 3 56 3614
"1165" 1403 3 56 1787
"1166" 1404 3 49 2678
"1167" 1406 3 29 2754
"1168" 1407 3 19 1892
"1169" 1408 3 55 2111
"1170" 1409 3 17 731
"1171" 1410 3 81 1062
"1172" 1411 3 54 2590
"1173" 1412 3 15 2052
"1174" 1413 3 52 853
"1175" 1414 3 42 370
"1176" 1415 3 16 390
"1177" 1416 3 3 627
"1178" 1417 3 35 2434
"1179" 1418 3 14 447
"1180" 1419 3 2 27
"1181" 1420 3 20 3151
"1182" 1421 3 32 1071
"1183" 1422 3 12 448
"1184" 1423 3 57 3022
"1185" 1424 3 5 300
"1186" 1425 3 68 2747
"1187" 1426 3 13 3272
"1188" 1428 3 40 204
"1189" 1429 3 38 504
"1190" 1430 3 63 2488
"1191" 1431 3 75 3661
"1192" 1432 3 45 3394
"1193" 1433 3 20 3700
"1194" 1434 3 65 490
"1195" 1435 3 56 3117
"1196" 1436 3 56 3481
"1197" 1437 3 60 1525
"1198" 1438 3 29 1217
"1199" 1439 3 19 416
"1200" 1441 3 17 26
"1201" 1442 3 10 1676
"1202" 1444 3 54 2051
"1203" 1445 3 1 2833
"1204" 1446 3 52 3630
"1205" 1447 3 42 3378
"1206" 1449 3 39 678
"1207" 1450 3 71 227
"1208" 1451 3 35 2406
"1209" 1452 3 14 873
"1210" 1453 3 14 1103
"1211" 1454 3 80 1707
"1212" 1455 3 25 3165
"1213" 1456 3 67 797
"1214" 1457 3 79 1569
"1215" 1458 3 68 3013
"1216" 1459 3 13 1407
"1217" 1460 3 40 524
"1218" 1461 3 66 2859
"1219" 1462 3 38 2895
"1220" 1463 3 63 2810
"1221" 1464 3 75 1851
"1222" 1465 3 45 2007
"1223" 1466 3 4 541
"1224" 1467 3 65 3704
"1225" 1468 3 59 2641
"1226" 1469 3 56 3650
"1227" 1470 3 9 1900
"1228" 1471 3 61 2839
"1229" 1472 3 19 1770
"1230" 1474 3 46 1040
"1231" 1475 3 82 2307
"1232" 1476 3 54 3406
"1233" 1477 3 1 2481
"1234" 1478 3 62 3596
"1235" 1479 3 42 793
"1236" 1480 3 39 896
"1237" 1481 3 36 2333
"1238" 1482 3 35 329
"1239" 1483 3 6 1008
"1240" 1484 3 14 815
"1241" 1485 3 25 183
"1242" 1486 3 67 516
"1243" 1487 3 79 1681
"1244" 1488 3 77 1982
"1245" 1489 3 13 278
"1246" 1490 3 30 1507
"1247" 1491 3 66 3424
"1248" 1493 3 38 1005
"1249" 1494 3 63 348
"1250" 1495 3 38 1193
"1251" 1496 3 45 2606
"1252" 1497 3 26 1365
"1253" 1498 3 33 3365
"1254" 1499 3 21 1876
"1255" 1500 3 59 3677
"1256" 1501 3 44 3357
"1257" 1502 3 56 923
"1258" 1503 3 9 1593
"1259" 1504 3 56 1552
"1260" 1505 3 53 464
"1261" 1507 3 29 1702
"1262" 1508 3 7 3697
"1263" 1509 3 54 689
"1264" 1510 3 51 547
"1265" 1511 3 64 3507
"1266" 1512 3 37 2950
"1267" 1513 3 48 812
"1268" 1514 3 36 297
"1269" 1516 3 43 2454
"1270" 1517 3 6 154
"1271" 1518 3 14 1853
"1272" 1519 3 50 224
"1273" 1520 3 32 1771
"1274" 1521 3 72 1461
"1275" 1522 3 24 1746
"1276" 1523 3 13 2742
"1277" 1524 3 30 124
"1278" 1525 3 66 2649
"1279" 1527 3 38 350
"1280" 1528 3 63 2857
"1281" 1529 3 38 2517
"1282" 1530 3 45 2211
"1283" 1531 3 26 2133
"1284" 1532 3 45 2029
"1285" 1533 3 20 1865
"1286" 1534 3 44 1036
"1287" 1536 3 56 1088
"1288" 1537 3 56 1715
"1289" 1538 3 53 123
"1290" 1540 3 29 235
"1291" 1541 3 7 3190
"1292" 1543 3 51 2385
"1293" 1544 3 64 2846
"1294" 1545 3 37 837
"1295" 1546 3 48 2129
"1296" 1547 3 36 1650
"1297" 1548 3 16 155
"1298" 1549 3 6 2243
"1299" 1550 3 58 1950
"1300" 1551 3 14 3558
"1301" 1552 3 22 167
"1302" 1553 3 32 3684
"1303" 1554 3 72 2710
"1304" 1555 3 24 1218
"1305" 1556 3 13 3175
"1306" 1557 3 68 3297
"1307" 1558 3 11 1602
"1308" 1559 3 38 3279
"1309" 1560 3 34 2738
"1310" 1561 3 38 3573
"1311" 1562 3 23 722
"1312" 1563 3 75 1411
"1313" 1564 3 45 2041
"1314" 1566 3 20 3277
"1315" 1567 3 27 2099
"1316" 1568 3 56 2749
"1317" 1569 3 56 2874
"1318" 1570 3 49 292
"1319" 1572 3 29 158
"1320" 1573 3 19 478
"1321" 1574 3 17 3201
"1322" 1575 3 81 3453
"1323" 1577 3 70 3480
"1324" 1578 3 15 3072
"1325" 1579 3 52 664
"1326" 1580 3 42 2032
"1327" 1581 3 16 2773
"1328" 1582 3 3 3693
"1329" 1583 3 35 824
"1330" 1584 3 14 213
"1331" 1585 3 2 1667
"1332" 1586 3 32 1099
"1333" 1587 3 12 1927
"1334" 1588 3 57 409
"1335" 1589 3 5 3167
"1336" 1590 3 68 527
"1337" 1591 3 13 2898
"1338" 1592 3 38 1392
"1339" 1593 3 34 3170
"1340" 1594 3 38 2210
"1341" 1595 3 63 1513
"1342" 1596 3 75 3045
"1343" 1597 3 45 60
"1344" 1598 3 20 1761
"1345" 1599 3 65 2838
"1346" 1600 3 56 2561
"1347" 1601 3 56 3169
"1348" 1602 3 60 106
"1349" 1603 3 29 2648
"1350" 1604 3 19 120
"1351" 1606 3 17 921
"1352" 1607 3 74 3486
"1353" 1609 3 54 1045
"1354" 1610 3 1 1101
"1355" 1611 3 52 180
"1356" 1612 3 42 1537
"1357" 1613 3 16 265
"1358" 1614 3 71 546
"1359" 1615 3 35 982
"1360" 1616 3 14 222
"1361" 1617 3 2 3104
"1362" 1618 3 80 785
"1363" 1619 3 12 3686
"1364" 1620 3 67 2996
"1365" 1621 3 79 3146
"1366" 1622 3 68 1046
"1367" 1623 3 13 1198
"1368" 1624 3 40 357
"1369" 1625 3 66 2054
"1370" 1626 3 38 1938
"1371" 1627 3 63 521
"1372" 1628 3 75 1559
"1373" 1629 3 45 3687
"1374" 1630 3 4 2461
"1375" 1631 3 65 1221
"1376" 1632 3 76 1737
"1377" 1633 3 84 1577
"1378" 1634 3 56 1561
"1379" 1635 3 60 2759
"1380" 1636 3 61 2339
"1381" 1637 3 19 2785
"1382" 1639 3 46 2035
"1383" 1640 3 82 2889
"1384" 1641 3 54 1893
"1385" 1642 3 1 341
"1386" 1643 3 62 457
"1387" 1644 3 42 2714
"1388" 1645 3 39 2827
"1389" 1646 3 83 827
"1390" 1647 3 71 1176
"1391" 1648 3 35 1909
"1392" 1649 3 6 2329
"1393" 1650 3 14 3437
"1394" 1651 3 25 3270
"1395" 1652 3 67 1187
"1396" 1653 3 79 3095
"1397" 1654 3 77 2820
"1398" 1655 3 13 3109
"1399" 1656 3 30 3563
"1400" 1657 3 66 1289
"1401" 1658 3 38 124
"1402" 1659 3 63 146
"1403" 1660 3 38 1397
"1404" 1661 3 45 3018
"1405" 1663 3 4 3208
"1406" 1664 3 33 2862
"1407" 1666 3 59 2449
"1408" 1667 3 44 3301
"1409" 1668 3 56 2061
"1410" 1669 3 9 263
"1411" 1670 3 56 2446
"1412" 1671 3 53 1800
"1413" 1672 3 29 2735
"1414" 1673 3 7 2347
"1415" 1675 3 54 1441
"1416" 1676 2 1 19
"1417" 1677 3 64 376
"1418" 1678 3 42 2147
"1419" 1679 3 39 533
"1420" 1680 3 36 1334
"1421" 1681 3 43 344
"1422" 1682 3 6 1510
"1423" 1683 3 14 3517
"1424" 1684 3 50 575
"1425" 1685 3 67 3521
"1426" 1686 3 79 133
"1427" 1687 3 8 1272
"1428" 1688 3 13 266
"1429" 1689 3 30 3415
"1430" 1690 3 66 2705
"1431" 1691 3 38 2381
"1432" 1692 3 63 3273
"1433" 1693 3 38 3385
"1434" 1694 3 45 1328
"1435" 1695 3 26 823
"1436" 1696 3 33 1690
"1437" 1697 3 20 3283
"1438" 1698 3 44 3118
"1439" 1699 3 56 1184
"1440" 1700 3 56 2320
"1441" 1701 3 53 2626
"1442" 1703 3 29 3007
"1443" 1704 3 7 280
"1444" 1705 3 51 1023
"1445" 1706 3 64 1223
"1446" 1707 3 37 759
"1447" 1708 3 48 1549
"1448" 1709 3 36 1626
"1449" 1710 3 43 645
"1450" 1711 3 6 45
"1451" 1712 3 14 1819
"1452" 1713 3 22 2494
"1453" 1714 3 28 679
"1454" 1715 3 20 3317
"1455" 1716 3 32 388
"1456" 1717 3 72 3534
"1457" 1718 3 24 161
"1458" 1719 3 13 2788
"1459" 1720 3 30 509
"1460" 1721 3 11 985
"1461" 1722 3 38 144
"1462" 1723 3 63 1324
"1463" 1724 3 38 1844
"1464" 1725 3 23 1960
"1465" 1726 3 75 2264
"1466" 1727 3 45 1531
"1467" 1728 3 20 1431
"1468" 1729 3 27 2554
"1469" 1730 3 56 488
"1470" 1731 3 56 1772
"1471" 1732 3 49 235
"1472" 1734 3 29 3477
"1473" 1735 3 19 729
"1474" 1736 3 41 662
"1475" 1738 3 17 2157
"1476" 1739 3 81 1744
"1477" 1740 3 70 3067
"1478" 1741 3 37 1616
"1479" 1742 2 48 1998
"1480" 1743 3 36 2685
"1481" 1744 3 16 1194
"1482" 1745 3 6 2319
"1483" 1746 3 35 474
"1484" 1747 3 14 285
"1485" 1748 3 22 8
"1486" 1749 3 32 686
"1487" 1750 3 12 952
"1488" 1751 3 57 784
"1489" 1752 3 73 2603
"1490" 1753 3 68 2197
"1491" 1754 3 11 1975
"1492" 1756 3 38 2428
"1493" 1757 3 34 1623
"1494" 1758 3 38 2940
"1495" 1759 3 63 635
"1496" 1760 3 75 1211
"1497" 1761 3 45 410
"1498" 1762 3 20 2902
"1499" 1763 3 27 3261
"1500" 1764 3 56 2647
"1501" 1765 3 56 73
"1502" 1766 3 60 1801
"1503" 1767 3 29 3134
"1504" 1768 3 19 235
"1505" 1769 3 17 566
"1506" 1770 3 74 3366
"1507" 1771 3 54 2974
"1508" 1772 3 15 2070
"1509" 1773 3 52 1541
"1510" 1774 3 42 696
"1511" 1775 3 83 2929
"1512" 1777 3 42 2764
"1513" 1784 2 28 1118
"1514" 1788 3 65 2371
"1515" 1790 3 28 2178
"1516" 1794 3 41 1180
"1517" 1798 3 8 1029
"1518" 1800 3 19 1208
"1519" 1803 3 20 2459
"1520" 1805 3 55 2334
"1521" 1812 3 21 3111
"1522" 1819 3 66 3234
"1523" 1821 3 38 1317
"1524" 1822 3 63 1649
"1525" 1823 3 38 480
"1526" 1824 3 45 3271
"1527" 1826 3 26 1648
"1528" 1827 3 33 3286
"1529" 1828 3 59 2768
"1530" 1829 3 44 1022
"1531" 1830 3 56 3580
"1532" 1831 3 9 247
"1533" 1832 3 56 3680
"1534" 1833 3 53 2706
"1535" 1835 3 29 3391
"1536" 1836 3 7 3706
"1537" 1838 3 54 2794
"1538" 1839 3 51 282
"1539" 1840 3 64 983
"1540" 1841 3 37 2486
"1541" 1842 3 48 1855
"1542" 1843 3 36 2513
"1543" 1845 3 43 621
"1544" 1846 3 6 3227
"1545" 1847 3 14 2877
"1546" 1849 3 50 3426
"1547" 1850 3 32 1305
"1548" 1851 3 72 1966
"1549" 1852 3 24 1651
"1550" 1853 3 13 315
"1551" 1854 3 30 2326
"1552" 1855 3 66 3335
"1553" 1857 3 38 761
"1554" 1858 3 63 745
"1555" 1859 3 38 2960
"1556" 1860 3 45 593
"1557" 1861 3 26 1113
"1558" 1862 3 45 2659
"1559" 1863 3 20 3682
"1560" 1864 3 44 1124
"1561" 1866 3 56 3649
"1562" 1867 3 84 1674
"1563" 1868 3 56 3147
"1564" 1869 3 53 2309
"1565" 1871 3 29 2217
"1566" 1872 3 7 777
"1567" 1873 3 51 3540
"1568" 1874 3 64 3444
"1569" 1875 3 37 1413
"1570" 1876 3 48 1105
"1571" 1877 3 36 2741
"1572" 1878 3 16 3631
"1573" 1879 3 6 943
"1574" 1880 3 58 564
"1575" 1881 3 14 1826
"1576" 1882 3 22 2083
"1577" 1883 3 32 2901
"1578" 1884 3 72 2433
"1579" 1885 3 24 1331
"1580" 1886 3 13 654
"1581" 1887 3 68 1283
"1582" 1888 3 11 1691
"1583" 1889 3 38 2263
"1584" 1890 3 34 3522
"1585" 1891 3 38 1747
"1586" 1892 3 23 389
"1587" 1893 3 75 1957
"1588" 1894 3 45 83
"1589" 1896 3 20 3156
"1590" 1897 3 27 352
"1591" 1898 3 56 2923
"1592" 1899 3 56 175
"1593" 1900 3 49 1722
"1594" 1902 3 29 188
"1595" 1903 3 19 3606
"1596" 1904 3 17 3139
"1597" 1905 3 81 3333
"1598" 1906 3 70 2836
"1599" 1907 3 15 1198
"1600" 1908 3 52 1203
"1601" 1909 2 36 1493
"1602" 1910 3 16 715
"1603" 1911 3 3 1190
"1604" 1912 3 35 2239
"1605" 1913 3 14 2174
"1606" 1914 3 2 7
"1607" 1916 3 20 2447
"1608" 1917 3 32 1459
"1609" 1918 3 12 1346
"1610" 1919 3 57 2945
"1611" 1920 2 73 3189
"1612" 1921 3 68 2008
"1613" 1922 3 13 3073
"1614" 1923 3 38 2305
"1615" 1924 3 34 1887
"1616" 1926 3 38 428
"1617" 1927 3 63 3571
"1618" 1928 3 75 3484
"1619" 1929 3 45 306
"1620" 1930 3 20 996
"1621" 1931 3 65 2924
"1622" 1932 3 56 255
"1623" 1933 3 84 378
"1624" 1934 3 56 98
"1625" 1935 3 60 2990
"1626" 1936 3 29 1660
"1627" 1937 3 19 2702
"1628" 1939 3 17 3409
"1629" 1940 3 74 1106
"1630" 1942 3 54 832
"1631" 1943 3 1 3136
"1632" 1944 3 52 1056
"1633" 1945 3 42 435
"1634" 1946 3 16 1871
"1635" 1947 2 3 129
"1636" 1948 3 35 1825
"1637" 1949 3 14 3483
"1638" 1950 3 2 296
"1639" 1951 3 80 2939
"1640" 1952 3 12 2599
"1641" 1953 3 67 193
"1642" 1954 3 79 1311
"1643" 1955 3 68 913
"1644" 1956 3 13 1661
"1645" 1957 3 40 1933
"1646" 1958 3 66 1409
"1647" 1959 3 38 1306
"1648" 1960 3 63 2232
"1649" 1961 3 75 331
"1650" 1962 3 45 513
"1651" 1963 3 4 2295
"1652" 1964 3 65 1026
"1653" 1965 3 76 2944
"1654" 1966 3 56 1152
"1655" 1967 3 60 607
"1656" 1968 3 61 1403
"1657" 1969 3 19 1368
"1658" 1970 3 46 3372
"1659" 1971 3 82 3207
"1660" 1972 3 54 3584
"1661" 1973 3 1 3441
"1662" 1974 3 62 1323
"1663" 1975 3 42 1002
"1664" 1976 3 39 1683
"1665" 1977 3 83 944
"1666" 1978 3 71 1083
"1667" 1979 3 35 1829
"1668" 1980 3 6 3187
"1669" 1981 3 14 3414
"1670" 1982 3 25 88
"1671" 1983 3 67 2478
"1672" 1984 3 79 2860
"1673" 1985 3 77 2805
"1674" 1986 3 13 918
"1675" 1987 3 30 2936
"1676" 1988 3 66 2132
"1677" 1990 3 38 124
"1678" 1991 3 63 1155
"1679" 1992 3 38 369
"1680" 1993 3 45 76
"1681" 1995 3 4 2142
"1682" 1996 3 33 2762
"1683" 1997 3 59 347
"1684" 1998 3 44 641
"1685" 1999 3 56 2827
"1686" 2000 3 9 1070
"1687" 2001 3 56 487
"1688" 2002 3 53 3620
"1689" 2003 3 29 2716
"1690" 2004 3 7 1595
"1691" 2006 3 54 3639
"1692" 2007 3 1 157
"1693" 2008 3 64 758
"1694" 2009 3 42 2370
"1695" 2010 3 39 2948
"1696" 2011 3 36 1334
"1697" 2012 3 43 973
"1698" 2013 3 6 2724
"1699" 2014 3 14 751
"1700" 2015 3 50 688
"1701" 2016 3 67 3289
"1702" 2017 3 79 2282
"1703" 2018 3 8 2722
"1704" 2019 3 13 2675
"1705" 2020 3 30 3458
"1706" 2021 3 66 2090
"1707" 2022 3 38 801
"1708" 2023 3 63 321
"1709" 2024 3 38 246
"1710" 2025 3 45 1393
"1711" 2026 3 26 3320
"1712" 2027 3 33 76
"1713" 2028 3 20 2540
"1714" 2029 3 44 683
"1715" 2030 3 56 1084
"1716" 2031 3 84 2030
"1717" 2032 3 56 695
"1718" 2033 3 53 709
"1719" 2035 3 29 2905
"1720" 2036 3 7 262
"1721" 2037 3 51 1980
"1722" 2038 3 64 2477
"1723" 2039 3 37 261
"1724" 2040 3 48 3454
"1725" 2041 3 36 2980
"1726" 2043 3 43 1806
"1727" 2044 3 6 2253
"1728" 2045 3 14 2384
"1729" 2046 3 22 2413
"1730" 2047 3 32 748
"1731" 2048 3 72 835
"1732" 2049 3 24 2301
"1733" 2050 3 13 1640
"1734" 2051 3 30 2561
"1735" 2052 3 11 2420
"1736" 2053 3 38 971
"1737" 2054 3 63 2676
"1738" 2055 3 38 768
"1739" 2056 3 23 1460
"1740" 2057 3 75 886
"1741" 2058 3 45 2507
"1742" 2059 3 20 2145
"1743" 2060 2 44 1890
"1744" 2061 3 56 1276
"1745" 2062 3 56 2483
"1746" 2063 3 49 2274
"1747" 2064 3 29 3343
"1748" 2065 3 19 1756
"1749" 2066 3 17 3336
"1750" 2067 3 81 3149
"1751" 2068 3 70 2612
"1752" 2069 3 37 954
"1753" 2070 3 48 3140
"1754" 2071 3 36 1257
"1755" 2072 3 16 3488
"1756" 2073 3 6 320
"1757" 2074 3 35 2884
"1758" 2075 3 14 2412
"1759" 2076 3 22 2424
"1760" 2077 3 32 181
"1761" 2078 3 12 744
"1762" 2079 3 57 2448
"1763" 2080 3 73 479
"1764" 2081 3 68 91
"1765" 2082 3 11 3265
"1766" 2084 3 38 2752
"1767" 2085 3 34 1925
"1768" 2086 3 38 925
"1769" 2087 3 63 1714
"1770" 2088 3 75 2973
"1771" 2089 3 45 2426
"1772" 2090 3 20 58
"1773" 2091 3 27 846
"1774" 2092 3 56 1175
"1775" 2093 3 56 1866
"1776" 2094 2 49 2001
"1777" 2095 3 29 2324
"1778" 2096 3 19 55
"1779" 2097 3 17 2336
"1780" 2098 3 74 2537
"1781" 2100 3 54 2616
"1782" 2101 3 15 1378
"1783" 2102 3 52 3685
"1784" 2103 3 42 1337
"1785" 2104 3 16 1520
"1786" 2105 3 3 2374
"1787" 2106 3 35 2447
"1788" 2107 3 14 737
"1789" 2108 3 2 651
"1790" 2109 3 80 2241
"1791" 2110 3 12 1731
"1792" 2111 3 57 3638
"1793" 2112 3 5 3411
"1794" 2113 3 68 1383
"1795" 2114 3 13 3005
"1796" 2115 3 40 3422
"1797" 2116 3 28 142
"1798" 2117 3 38 407
"1799" 2118 3 63 956
"1800" 2119 3 75 152
"1801" 2120 3 45 725
"1802" 2121 3 20 3205
"1803" 2122 3 65 2510
"1804" 2123 3 56 380
"1805" 2124 3 84 1123
"1806" 2125 3 56 1290
"1807" 2126 3 60 3458
"1808" 2127 3 61 1352
"1809" 2128 3 19 2467
"1810" 2129 3 17 362
"1811" 2130 3 82 243
"1812" 2131 3 54 2365
"1813" 2132 3 1 98
"1814" 2133 3 62 2953
"1815" 2134 3 42 882
"1816" 2135 3 39 2993
"1817" 2136 3 41 550
"1818" 2137 3 71 668
"1819" 2138 3 35 11
"1820" 2139 3 6 2214
"1821" 2140 3 14 358
"1822" 2141 3 80 1154
"1823" 2142 3 25 866
"1824" 2143 3 67 618
"1825" 2144 3 79 1200
"1826" 2145 3 77 2176
"1827" 2146 3 13 740
"1828" 2147 3 66 1940
"1829" 2148 3 38 166
"1830" 2149 3 63 1285
"1831" 2150 3 38 2448
"1832" 2151 3 45 567
"1833" 2152 3 4 403
"1834" 2153 2 65 2720
"1835" 2154 3 59 1773
"1836" 2155 2 84 3711
"1837" 2156 3 56 2436
"1838" 2157 3 9 2566
"1839" 2158 3 61 3113
"1840" 2159 3 19 3309
"1841" 2160 3 46 443
"1842" 2161 3 82 1573
"1843" 2162 3 54 554
"1844" 2163 3 1 1589
"1845" 2164 3 62 35
"1846" 2165 3 42 932
"1847" 2166 3 39 581
"1848" 2167 3 36 747
"1849" 2168 3 35 1125
"1850" 2169 3 6 3083
"1851" 2170 3 14 2795
"1852" 2171 3 25 1217
"1853" 2172 3 67 3489
"1854" 2173 3 79 2994
"1855" 2174 3 77 625
"1856" 2175 3 13 1010
"1857" 2176 3 30 1117
"1858" 2177 3 66 2797
"1859" 2179 3 38 2727
"1860" 2180 3 63 63
"1861" 2181 3 38 1015
"1862" 2182 3 45 1244
"1863" 2183 3 26 3586
"1864" 2184 3 33 1529
"1865" 2185 3 28 1581
"1866" 2186 3 20 808
"1867" 2187 3 44 1654
"1868" 2188 3 56 3564
"1869" 2189 3 9 3589
"1870" 2190 3 56 692
"1871" 2191 3 53 1
"1872" 2192 3 29 2704
"1873" 2193 3 7 114
"1874" 2195 3 54 3377
"1875" 2196 3 51 2004
"1876" 2197 3 64 3458
"1877" 2198 3 37 499
"1878" 2199 3 48 1638
"1879" 2200 3 36 3080
"1880" 2202 3 43 1427
"1881" 2203 3 6 811
"1882" 2204 3 14 2137
"1883" 2206 2 50 2042
"1884" 2207 3 32 1034
"1885" 2208 3 72 2341
"1886" 2210 3 24 1718
"1887" 2211 3 13 753
"1888" 2212 3 30 3672
"1889" 2213 3 66 2319
"1890" 2215 3 38 1675
"1891" 2216 3 63 1435
"1892" 2217 3 38 1818
"1893" 2218 3 23 501
"1894" 2219 3 75 6
"1895" 2220 3 45 2401
"1896" 2221 3 20 1222
"1897" 2222 3 44 2927
"1898" 2223 3 56 459
"1899" 2224 3 56 3292
"1900" 2225 3 49 2796
"1901" 2227 3 29 3105
"1902" 2228 3 7 1309
"1903" 2229 3 51 2593
"1904" 2230 3 81 1060
"1905" 2231 2 64 2698
"1906" 2232 3 37 2298
"1907" 2233 3 48 3353
"1908" 2234 3 36 253
"1909" 2235 3 16 1222
"1910" 2236 3 6 2532
"1911" 2237 3 58 3673
"1912" 2238 3 14 1735
"1913" 2239 3 22 1609
"1914" 2240 3 32 2422
"1915" 2241 3 12 1574
"1916" 2242 3 24 92
"1917" 2243 3 73 3443
"1918" 2244 3 68 2018
"1919" 2245 3 11 250
"1920" 2247 3 38 3236
"1921" 2248 3 34 818
"1922" 2249 3 38 3701
"1923" 2250 3 23 3348
"1924" 2251 3 75 235
"1925" 2252 3 45 1247
"1926" 2254 3 20 2509
"1927" 2255 3 27 1847
"1928" 2256 3 56 845
"1929" 2257 3 56 2460
"1930" 2258 3 49 937
"1931" 2260 3 29 2068
"1932" 2261 3 19 2128
"1933" 2262 3 55 2155
"1934" 2263 3 17 468
"1935" 2264 3 81 2464
"1936" 2266 3 54 714
"1937" 2267 3 15 491
"1938" 2268 3 52 905
"1939" 2269 3 42 16
"1940" 2270 3 16 2551
"1941" 2271 3 3 1656
"1942" 2272 3 35 2099
"1943" 2273 3 14 3050
"1944" 2274 3 2 2358
"1945" 2275 3 32 1164
"1946" 2276 3 12 3458
"1947" 2277 3 57 194
"1948" 2278 3 5 1312
"1949" 2279 3 38 234
"1950" 2280 3 68 105
"1951" 2281 3 13 1474
"1952" 2283 3 40 47
"1953" 2284 3 38 2699
"1954" 2285 3 63 2843
"1955" 2287 3 75 3053
"1956" 2288 3 45 659
"1957" 2289 3 20 77
"1958" 2290 3 65 1565
"1959" 2291 3 56 2638
"1960" 2292 3 56 2262
"1961" 2293 3 60 2914
"1962" 2294 3 29 308
"1963" 2295 3 19 922
"1964" 2297 3 17 432
"1965" 2298 2 74 3230
"1966" 2300 3 54 1132
"1967" 2301 3 1 1410
"1968" 2302 3 52 3269
"1969" 2303 3 42 1518
"1970" 2305 3 39 1004
"1971" 2306 3 71 881
"1972" 2307 3 35 841
"1973" 2308 3 14 2313
"1974" 2309 3 14 2221
"1975" 2310 3 80 3295
"1976" 2311 3 25 3206
"1977" 2312 3 67 2719
"1978" 2313 3 79 56
"1979" 2314 3 68 2836
"1980" 2315 3 13 632
"1981" 2316 3 40 2615
"1982" 2317 3 66 3278
"1983" 2318 3 38 1824
"1984" 2319 3 63 2453
"1985" 2320 3 75 3036
"1986" 2321 3 45 85
"1987" 2322 3 4 1730
"1988" 2323 3 65 2010
"1989" 2324 2 76 3260
"1990" 2325 3 84 3339
"1991" 2326 3 56 442
"1992" 2327 3 9 275
"1993" 2328 3 61 1823
"1994" 2329 3 19 1313
"1995" 2331 3 46 122
"1996" 2332 3 82 3250
"1997" 2333 3 54 863
"1998" 2334 3 1 3243
"1999" 2335 3 62 1065
"2000" 2336 3 42 2624
"2001" 2338 3 39 842
"2002" 2339 3 36 3155
"2003" 2340 3 35 2505
"2004" 2341 3 6 3086
"2005" 2342 3 14 1915
"2006" 2343 3 25 1263
"2007" 2344 3 67 2318
"2008" 2345 3 79 384
"2009" 2346 3 77 379
"2010" 2347 3 13 502
"2011" 2348 3 30 91
"2012" 2349 3 38 3055
"2013" 2350 3 41 2166
"2014" 2352 3 69 2417
"2015" 2354 3 55 923
"2016" 2360 3 55 1630
"2017" 2367 3 13 620
"2018" 2368 3 21 3032
"2019" 2373 3 42 1962
"2020" 2375 3 83 940
"2021" 2383 3 28 97
"2022" 2388 3 41 2886
"2023" 2393 3 28 2298
"2024" 2396 3 29 2962
"2025" 2397 2 7 328
"2026" 2398 2 51 2078
"2027" 2399 3 81 3020
"2028" 2400 3 70 84
"2029" 2401 3 37 3630
"2030" 2402 3 48 551
"2031" 2403 3 36 2787
"2032" 2404 3 16 1837
"2033" 2405 3 6 666
"2034" 2406 3 35 2670
"2035" 2407 3 14 1014
"2036" 2408 3 22 2349
"2037" 2409 3 32 2168
"2038" 2410 3 12 3579
"2039" 2411 3 57 3461
"2040" 2412 3 73 3144
"2041" 2413 3 68 1955
"2042" 2414 3 11 2298
"2043" 2416 3 38 3617
"2044" 2417 3 34 1931
"2045" 2418 3 38 1514
"2046" 2419 3 63 1836
"2047" 2420 3 75 2193
"2048" 2421 3 45 2907
"2049" 2422 3 20 2209
"2050" 2423 3 27 1000
"2051" 2424 3 56 849
"2052" 2425 3 56 338
"2053" 2426 3 49 1951
"2054" 2427 3 29 2991
"2055" 2428 3 19 98
"2056" 2430 3 17 1838
"2057" 2431 3 74 2687
"2058" 2432 3 54 1461
"2059" 2433 3 15 3491
"2060" 2434 3 52 109
"2061" 2435 3 42 630
"2062" 2436 3 16 1124
"2063" 2437 3 3 1079
"2064" 2438 3 35 3087
"2065" 2439 3 14 2184
"2066" 2440 3 2 418
"2067" 2441 3 20 1051
"2068" 2442 3 80 857
"2069" 2443 3 12 1535
"2070" 2444 3 57 660
"2071" 2445 3 5 2873
"2072" 2446 3 68 493
"2073" 2447 3 13 3668
"2074" 2448 3 40 2185
"2075" 2449 3 38 2139
"2076" 2450 3 63 41
"2077" 2451 3 75 2142
"2078" 2452 3 45 1641
"2079" 2453 3 20 803
"2080" 2454 3 65 1960
"2081" 2455 3 56 1809
"2082" 2456 3 84 3124
"2083" 2457 3 56 1601
"2084" 2458 3 60 2893
"2085" 2459 3 61 573
"2086" 2460 3 19 1402
"2087" 2461 3 17 3132
"2088" 2462 3 82 1027
"2089" 2463 3 54 1755
"2090" 2464 3 1 98
"2091" 2465 3 62 649
"2092" 2466 3 42 1627
"2093" 2468 3 39 143
"2094" 2469 3 71 2921
"2095" 2471 3 35 2209
"2096" 2472 3 6 2389
"2097" 2473 3 14 698
"2098" 2474 3 80 318
"2099" 2475 3 25 2862
"2100" 2476 3 67 2380
"2101" 2477 3 79 1270
"2102" 2478 3 77 1882
"2103" 2479 3 13 1271
"2104" 2480 3 66 3531
"2105" 2481 3 38 337
"2106" 2482 3 63 3310
"2107" 2483 3 38 2577
"2108" 2484 3 45 1532
"2109" 2485 3 4 2246
"2110" 2486 3 65 2564
"2111" 2487 3 59 1354
"2112" 2488 3 84 2580
"2113" 2489 3 56 202
"2114" 2490 3 9 2556
"2115" 2491 3 61 3054
"2116" 2492 3 19 2175
"2117" 2493 3 46 2617
"2118" 2494 3 82 1134
"2119" 2495 3 54 951
"2120" 2496 3 1 3188
"2121" 2497 3 62 1143
"2122" 2498 3 42 1663
"2123" 2499 3 39 3423
"2124" 2500 3 36 1077
"2125" 2501 3 35 3052
"2126" 2502 3 6 1835
"2127" 2503 3 14 1973
"2128" 2504 3 25 989
"2129" 2505 3 67 3214
"2130" 2506 3 79 2934
"2131" 2507 3 77 2200
"2132" 2508 3 13 419
"2133" 2509 3 30 2526
"2134" 2510 3 66 3264
"2135" 2511 3 38 3663
"2136" 2512 3 63 2298
"2137" 2513 3 38 908
"2138" 2514 3 45 1097
"2139" 2515 3 26 780
"2140" 2516 3 33 2290
"2141" 2517 3 28 137
"2142" 2518 3 20 455
"2143" 2519 3 44 235
"2144" 2520 3 56 413
"2145" 2521 3 9 3694
"2146" 2522 3 56 102
"2147" 2523 3 53 1797
"2148" 2524 3 29 2148
"2149" 2525 3 7 838
"2150" 2526 3 54 2095
"2151" 2527 3 51 690
"2152" 2528 3 64 28
"2153" 2529 3 37 115
"2154" 2530 3 48 691
"2155" 2531 3 36 1329
"2156" 2532 3 43 1996
"2157" 2533 3 6 2969
"2158" 2534 3 58 671
"2159" 2535 3 14 1795
"2160" 2536 3 50 2117
"2161" 2537 3 41 2957
"2162" 2538 3 32 21
"2163" 2539 3 72 55
"2164" 2540 3 24 217
"2165" 2541 3 13 2909
"2166" 2542 3 30 263
"2167" 2543 3 66 2319
"2168" 2545 3 38 1768
"2169" 2546 3 63 613
"2170" 2547 3 38 2165
"2171" 2548 3 23 240
"2172" 2549 3 75 3371
"2173" 2550 3 45 288
"2174" 2551 3 20 1946
"2175" 2552 3 44 1495
"2176" 2553 3 56 3071
"2177" 2554 3 56 1822
"2178" 2555 3 49 1075
"2179" 2557 3 29 1794
"2180" 2558 3 7 3135
"2181" 2560 3 51 2286
"2182" 2561 3 64 3660
"2183" 2562 3 37 252
"2184" 2563 3 48 3419
"2185" 2564 3 36 3031
"2186" 2565 3 16 1348
"2187" 2566 3 6 3294
"2188" 2567 3 58 1214
"2189" 2568 3 14 273
"2190" 2569 3 22 1472
"2191" 2570 3 32 2658
"2192" 2571 3 12 526
"2193" 2572 3 24 2574
"2194" 2573 3 73 3237
"2195" 2574 3 68 3193
"2196" 2575 3 11 642
"2197" 2577 3 38 241
"2198" 2578 3 34 1461
"2199" 2579 3 38 1059
"2200" 2580 3 23 2022
"2201" 2581 3 75 212
"2202" 2582 3 45 3629
"2203" 2584 3 20 2585
"2204" 2585 3 27 339
"2205" 2586 3 56 1803
"2206" 2587 3 56 3543
"2207" 2588 3 49 1492
"2208" 2590 3 29 3539
"2209" 2591 3 19 883
"2210" 2593 3 17 2941
"2211" 2594 3 81 872
"2212" 2596 3 54 2665
"2213" 2597 3 15 295
"2214" 2598 3 52 3389
"2215" 2599 3 42 3574
"2216" 2600 3 16 1066
"2217" 2601 3 3 724
"2218" 2602 3 35 2099
"2219" 2603 3 14 3210
"2220" 2604 3 2 3619
"2221" 2605 3 32 2204
"2222" 2606 3 12 1277
"2223" 2607 3 57 3577
"2224" 2608 3 5 1798
"2225" 2609 3 68 787
"2226" 2610 3 13 1149
"2227" 2612 2 38 1585
"2228" 2613 3 38 3499
"2229" 2614 3 63 2903
"2230" 2616 3 75 1528
"2231" 2617 3 45 2432
"2232" 2618 3 20 3493
"2233" 2619 3 65 2881
"2234" 2620 3 56 1546
"2235" 2621 3 56 1482
"2236" 2622 3 60 235
"2237" 2623 3 29 3413
"2238" 2624 3 19 836
"2239" 2625 3 17 1475
"2240" 2626 3 74 3212
"2241" 2627 3 54 1598
"2242" 2628 3 1 3713
"2243" 2629 3 52 3051
"2244" 2630 3 42 561
"2245" 2631 3 39 2076
"2246" 2632 3 71 2101
"2247" 2633 3 35 1242
"2248" 2634 3 14 654
"2249" 2635 3 14 1534
"2250" 2636 3 80 2024
"2251" 2637 3 25 2118
"2252" 2638 3 67 2046
"2253" 2639 3 79 2283
"2254" 2640 3 68 1608
"2255" 2641 3 13 2250
"2256" 2642 3 40 2324
"2257" 2643 3 66 2431
"2258" 2644 3 38 3428
"2259" 2645 3 63 267
"2260" 2646 3 75 1902
"2261" 2647 3 45 2904
"2262" 2648 3 4 926
"2263" 2649 3 65 2703
"2264" 2650 3 76 2057
"2265" 2651 3 56 3722
"2266" 2652 2 60 2630
"2267" 2653 3 61 1108
"2268" 2654 3 19 1389
"2269" 2656 3 46 3400
"2270" 2657 3 82 2656
"2271" 2658 3 54 734
"2272" 2659 3 1 1624
"2273" 2660 3 62 2346
"2274" 2661 3 42 1163
"2275" 2662 3 39 2887
"2276" 2663 3 55 2746
"2277" 2664 3 36 3
"2278" 2665 3 35 1275
"2279" 2666 3 6 1086
"2280" 2667 3 14 1269
"2281" 2668 3 25 1508
"2282" 2669 3 67 2209
"2283" 2670 3 79 3529
"2284" 2671 3 77 2621
"2285" 2672 3 13 1658
"2286" 2673 3 30 1417
"2287" 2674 3 66 3127
"2288" 2675 3 38 450
"2289" 2676 3 63 2344
"2290" 2677 3 38 1891
"2291" 2678 3 45 164
"2292" 2680 3 26 589
"2293" 2681 3 33 1542
"2294" 2682 3 59 3410
"2295" 2683 3 44 1548
"2296" 2684 3 56 2276
"2297" 2685 3 9 1582
"2298" 2686 3 56 699
"2299" 2687 3 53 1507
"2300" 2689 3 29 1848
"2301" 2690 3 7 2853
"2302" 2691 3 54 515
"2303" 2692 3 51 205
"2304" 2693 3 64 2002
"2305" 2694 2 42 1832
"2306" 2695 3 48 2284
"2307" 2696 3 36 1061
"2308" 2697 3 43 1737
"2309" 2698 3 6 3358
"2310" 2699 3 14 813
"2311" 2701 3 50 603
"2312" 2702 3 32 2919
"2313" 2703 3 72 1350
"2314" 2704 2 8 355
"2315" 2705 3 13 2861
"2316" 2706 3 30 2359
"2317" 2707 3 66 2065
"2318" 2709 3 38 1868
"2319" 2710 3 63 3093
"2320" 2711 3 38 3359
"2321" 2712 3 45 600
"2322" 2713 3 26 1969
"2323" 2714 3 45 519
"2324" 2715 3 20 2695
"2325" 2716 3 44 2608
"2326" 2717 3 56 1296
"2327" 2718 3 56 634
"2328" 2719 3 53 2631
"2329" 2720 3 29 570
"2330" 2721 3 7 2363
"2331" 2722 3 51 2797
"2332" 2723 3 64 1345
"2333" 2724 3 37 3559
"2334" 2725 3 48 2515
"2335" 2726 3 36 752
"2336" 2727 3 16 2711
"2337" 2728 3 6 1906
"2338" 2729 3 58 3326
"2339" 2730 3 14 1454
"2340" 2731 3 22 3476
"2341" 2732 3 32 871
"2342" 2733 3 72 1476
"2343" 2734 3 24 3002
"2344" 2735 3 13 169
"2345" 2736 3 68 1709
"2346" 2737 3 11 3344
"2347" 2738 3 38 2376
"2348" 2739 2 63 2693
"2349" 2740 3 38 3688
"2350" 2741 3 23 2894
"2351" 2742 3 75 1669
"2352" 2743 3 45 2545
"2353" 2745 3 20 2712
"2354" 2746 3 27 3713
"2355" 2747 3 56 706
"2356" 2748 3 56 460
"2357" 2749 3 49 1216
"2358" 2751 3 29 446
"2359" 2752 3 19 975
"2360" 2753 3 21 1461
"2361" 2755 3 17 3281
"2362" 2756 3 81 1394
"2363" 2757 3 70 3287
"2364" 2758 3 15 1305
"2365" 2759 3 52 3502
"2366" 2760 3 36 2438
"2367" 2761 3 16 3646
"2368" 2762 3 3 307
"2369" 2763 3 35 3183
"2370" 2764 3 14 1438
"2371" 2765 2 22 802
"2372" 2767 3 20 3374
"2373" 2768 3 32 2770
"2374" 2769 3 12 1239
"2375" 2770 3 57 2899
"2376" 2771 3 73 2855
"2377" 2772 3 68 111
"2378" 2773 3 13 3017
"2379" 2775 3 38 964
"2380" 2776 3 34 2569
"2381" 2778 3 38 830
"2382" 2779 3 63 2947
"2383" 2780 3 75 2766
"2384" 2781 3 45 1830
"2385" 2782 3 20 74
"2386" 2783 3 65 1463
"2387" 2784 3 56 116
"2388" 2785 3 84 1401
"2389" 2786 3 56 2812
"2390" 2787 3 60 3718
"2391" 2788 3 29 95
"2392" 2789 3 19 2613
"2393" 2790 3 17 1426
"2394" 2791 3 74 3076
"2395" 2793 3 54 3186
"2396" 2794 3 1 3304
"2397" 2795 3 52 576
"2398" 2796 3 42 967
"2399" 2797 3 16 3658
"2400" 2798 3 3 2462
"2401" 2799 3 35 481
"2402" 2800 3 14 590
"2403" 2801 3 2 1047
"2404" 2802 3 80 39
"2405" 2803 3 12 2798
"2406" 2804 3 67 3375
"2407" 2805 3 79 2552
"2408" 2806 3 68 1497
"2409" 2807 3 13 555
"2410" 2808 3 40 2987
"2411" 2809 3 66 2984
"2412" 2810 3 38 2972
"2413" 2811 3 63 186
"2414" 2812 3 75 1696
"2415" 2813 3 45 449
"2416" 2814 3 4 1791
"2417" 2815 3 65 644
"2418" 2816 3 76 3442
"2419" 2817 3 56 1637
"2420" 2818 3 60 2316
"2421" 2819 3 61 1961
"2422" 2820 3 19 2745
"2423" 2821 3 46 1872
"2424" 2822 3 82 2862
"2425" 2823 3 54 529
"2426" 2824 3 1 2850
"2427" 2825 3 62 1186
"2428" 2826 3 42 2222
"2429" 2827 3 39 624
"2430" 2828 3 71 20
"2431" 2829 3 35 49
"2432" 2830 3 6 2220
"2433" 2831 3 14 2519
"2434" 2832 3 25 1612
"2435" 2833 3 67 1372
"2436" 2834 3 79 3034
"2437" 2835 3 77 3026
"2438" 2836 3 13 109
"2439" 2837 3 30 789
"2440" 2838 3 66 3449
"2441" 2840 3 38 2587
"2442" 2841 3 63 990
"2443" 2842 3 38 2779
"2444" 2843 3 45 959
"2445" 2844 3 4 3161
"2446" 2845 3 33 3502
"2447" 2846 3 59 2377
"2448" 2847 3 44 2465
"2449" 2848 3 56 1605
"2450" 2849 3 9 1898
"2451" 2850 3 56 1921
"2452" 2851 3 53 3565
"2453" 2853 3 29 1948
"2454" 2854 3 7 313
"2455" 2855 3 54 1593
"2456" 2856 3 1 3510
"2457" 2857 3 64 3023
"2458" 2858 3 42 398
"2459" 2859 3 39 1655
"2460" 2860 3 36 1894
"2461" 2861 3 43 2457
"2462" 2862 3 6 1571
"2463" 2863 3 14 1755
"2464" 2864 3 50 864
"2465" 2865 3 67 2173
"2466" 2866 3 79 1619
"2467" 2867 3 8 1122
"2468" 2868 3 13 1686
"2469" 2869 3 30 633
"2470" 2870 3 66 2976
"2471" 2871 3 38 3238
"2472" 2872 3 63 61
"2473" 2873 3 38 214
"2474" 2874 3 45 1171
"2475" 2875 3 26 3603
"2476" 2876 3 33 879
"2477" 2877 3 20 2055
"2478" 2878 3 44 917
"2479" 2879 3 56 1505
"2480" 2880 3 56 1379
"2481" 2881 3 53 1241
"2482" 2883 3 29 2140
"2483" 2884 3 7 3338
"2484" 2885 1 NA NA
"2485" 2886 3 51 1539
"2486" 2887 3 64 1338
"2487" 2888 3 37 2751
"2488" 2889 3 48 766
"2489" 2890 3 36 2470
"2490" 2892 3 43 2495
"2491" 2893 3 6 3465
"2492" 2894 3 14 3446
"2493" 2895 3 22 2997
"2494" 2896 3 83 2332
"2495" 2897 3 32 148
"2496" 2898 3 72 452
"2497" 2899 3 24 3705
"2498" 2900 3 13 3296
"2499" 2901 3 30 1591
"2500" 2902 3 11 54
"2501" 2904 3 38 1436
"2502" 2905 3 63 557
"2503" 2906 3 38 270
"2504" 2907 3 23 3471
"2505" 2908 3 75 2187
"2506" 2909 3 45 3598
"2507" 2910 3 20 1711
"2508" 2911 3 44 48
"2509" 2912 3 56 213
"2510" 2913 3 84 2122
"2511" 2914 3 56 406
"2512" 2915 3 49 726
"2513" 2916 3 14 2005
"2514" 2917 3 20 1895
"2515" 2918 3 80 2837
"2516" 2919 3 25 1522
"2517" 2920 3 67 422
"2518" 2921 3 79 528
"2519" 2922 3 68 957
"2520" 2923 3 13 925
"2521" 2924 3 40 2668
"2522" 2925 3 66 958
"2523" 2926 3 38 854
"2524" 2927 3 63 2393
"2525" 2928 3 75 3379
"2526" 2929 3 45 412
"2527" 2930 3 4 2528
"2528" 2931 3 65 3583
"2529" 2932 3 76 3433
"2530" 2933 3 84 1685
"2531" 2934 3 56 703
"2532" 2935 3 60 3110
"2533" 2936 3 61 3644
"2534" 2937 3 19 279
"2535" 2938 3 46 1112
"2536" 2939 3 82 1205
"2537" 2941 3 54 3259
"2538" 2942 3 1 870
"2539" 2943 3 62 2163
"2540" 2944 3 42 2373
"2541" 2945 3 39 96
"2542" 2946 3 55 3649
"2543" 2947 3 36 2060
"2544" 2948 3 35 42
"2545" 2949 3 6 1091
"2546" 2950 3 14 741
"2547" 2951 3 25 1907
"2548" 2952 3 67 2208
"2549" 2953 3 79 3369
"2550" 2954 3 77 1408
"2551" 2955 3 13 2868
"2552" 2956 3 30 12
"2553" 2957 3 66 1748
"2554" 2958 3 38 2275
"2555" 2959 3 63 2572
"2556" 2960 3 38 993
"2557" 2961 3 45 2031
"2558" 2963 2 4 159
"2559" 2964 3 33 2064
"2560" 2965 3 59 2970
"2561" 2966 3 44 2661
"2562" 2968 3 56 3577
"2563" 2969 3 9 3239
"2564" 2970 3 56 3330
"2565" 2971 3 53 2849
"2566" 2972 3 29 3416
"2567" 2973 3 7 427
"2568" 2974 3 54 525
"2569" 2975 3 51 1461
"2570" 2976 3 64 138
"2571" 2977 3 42 332
"2572" 2978 3 48 762
"2573" 2979 3 36 2851
"2574" 2980 3 43 677
"2575" 2981 3 6 1610
"2576" 2982 3 14 1553
"2577" 2984 3 50 536
"2578" 2985 3 32 1978
"2579" 2986 3 72 1179
"2580" 2987 3 8 2418
"2581" 2988 3 13 3696
"2582" 2989 3 30 3259
"2583" 2990 3 66 2399
"2584" 2992 3 38 1342
"2585" 2993 3 63 2588
"2586" 2994 3 38 3463
"2587" 2995 3 45 1355
"2588" 2996 3 26 1391
"2589" 2997 3 45 1788
"2590" 2998 3 20 1579
"2591" 2999 3 44 615
"2592" 3000 3 56 1047
"2593" 3001 3 56 90
"2594" 3002 3 53 2740
"2595" 3003 3 29 242
"2596" 3004 3 7 3504
"2597" 3005 3 51 346
"2598" 3006 3 64 2209
"2599" 3007 3 37 1849
"2600" 3008 3 48 843
"2601" 3009 3 36 658
"2602" 3010 3 16 3097
"2603" 3011 3 6 2098
"2604" 3012 3 58 1192
"2605" 3013 3 14 2116
"2606" 3015 3 22 920
"2607" 3016 3 55 3633
"2608" 3017 3 32 2653
"2609" 3018 3 72 2683
"2610" 3019 3 24 2729
"2611" 3020 3 13 1326
"2612" 3021 3 68 1560
"2613" 3022 3 11 1172
"2614" 3023 3 38 599
"2615" 3024 3 63 25
"2616" 3025 3 38 2053
"2617" 3026 3 23 2520
"2618" 3027 3 75 115
"2619" 3028 3 45 731
"2620" 3030 3 20 1440
"2621" 3031 3 27 2793
"2622" 3032 3 56 3457
"2623" 3033 3 56 2920
"2624" 3034 3 49 2546
"2625" 3036 3 29 2511
"2626" 3037 3 19 2534
"2627" 3039 3 17 3506
"2628" 3040 3 81 316
"2629" 3042 3 70 3602
"2630" 3043 3 15 2582
"2631" 3044 3 52 2240
"2632" 3045 3 36 2369
"2633" 3046 3 16 3447
"2634" 3047 2 6 294
"2635" 3048 3 35 2813
"2636" 3049 3 14 3044
"2637" 3050 3 22 3363
"2638" 3052 3 32 3430
"2639" 3053 3 12 1049
"2640" 3054 3 57 1222
"2641" 3055 3 73 2707
"2642" 3056 3 68 3244
"2643" 3057 3 13 585
"2644" 3059 3 38 3690
"2645" 3060 3 34 2015
"2646" 3061 3 38 2469
"2647" 3062 3 63 2578
"2648" 3063 3 75 2216
"2649" 3064 3 45 1058
"2650" 3065 3 20 2783
"2651" 3066 2 27 1074
"2652" 3067 3 56 2964
"2653" 3068 3 56 3325
"2654" 3069 3 60 471
"2655" 3070 3 29 3592
"2656" 3071 3 19 2182
"2657" 3072 3 17 2949
"2658" 3073 3 74 301
"2659" 3075 3 54 2487
"2660" 3076 3 1 2407
"2661" 3077 3 52 2126
"2662" 3078 3 42 208
"2663" 3079 3 16 1452
"2664" 3080 3 3 562
"2665" 3081 3 35 3157
"2666" 3082 3 14 1592
"2667" 3083 3 2 1905
"2668" 3084 3 80 586
"2669" 3085 3 12 2150
"2670" 3086 3 67 1489
"2671" 3087 3 79 3656
"2672" 3088 3 68 3290
"2673" 3089 3 13 2156
"2674" 3090 3 40 821
"2675" 3091 3 66 1464
"2676" 3092 3 38 473
"2677" 3093 3 63 409
"2678" 3094 3 75 2642
"2679" 3095 3 45 2601
"2680" 3096 3 4 3470
"2681" 3097 3 65 1161
"2682" 3098 3 76 1063
"2683" 3099 3 84 2224
"2684" 3100 3 56 3078
"2685" 3101 3 60 1611
"2686" 3102 3 61 1992
"2687" 3103 3 19 2350
"2688" 3104 2 17 616
"2689" 3105 3 82 1234
"2690" 3106 3 54 1069
"2691" 3107 3 1 1371
"2692" 3108 3 62 365
"2693" 3109 3 42 3307
"2694" 3110 3 39 3508
"2695" 3111 3 21 3421
"2696" 3112 3 71 2799
"2697" 3113 3 35 1031
"2698" 3114 3 6 1299
"2699" 3115 3 14 475
"2700" 3116 3 25 108
"2701" 3117 3 67 2858
"2702" 3118 3 79 171
"2703" 3119 3 77 2908
"2704" 3120 3 13 1670
"2705" 3121 3 30 3547
"2706" 3122 3 66 1253
"2707" 3124 3 38 232
"2708" 3125 3 63 3121
"2709" 3126 3 38 3122
"2710" 3127 3 45 1864
"2711" 3128 3 4 769
"2712" 3129 3 33 2391
"2713" 3130 3 59 2596
"2714" 3131 3 44 52
"2715" 3132 3 56 463
"2716" 3133 3 9 2627
"2717" 3134 3 56 1820
"2718" 3135 3 53 3467
"2719" 3136 3 29 3397
"2720" 3137 3 7 938
"2721" 3139 3 54 1659
"2722" 3140 3 1 1796
"2723" 3141 3 64 3456
"2724" 3142 3 42 1182
"2725" 3143 3 39 3215
"2726" 3144 3 36 2036
"2727" 3145 3 43 385
"2728" 3146 3 6 1430
"2729" 3148 3 14 1198
"2730" 3149 3 50 1678
"2731" 3150 3 67 2364
"2732" 3151 3 79 2311
"2733" 3152 2 77 3401
"2734" 3153 3 13 2492
"2735" 3154 3 30 2782
"2736" 3155 3 66 765
"2737" 3156 3 38 2207
"2738" 3157 3 63 3009
"2739" 3158 3 38 3420
"2740" 3159 3 45 226
"2741" 3160 3 26 2044
"2742" 3161 3 33 2069
"2743" 3162 3 20 2075
"2744" 3163 3 44 248
"2745" 3164 3 56 1229
"2746" 3165 3 56 676
"2747" 3166 3 53 3019
"2748" 3168 3 29 396
"2749" 3169 3 7 3681
"2750" 3171 3 51 2468
"2751" 3172 3 64 705
"2752" 3173 3 37 1265
"2753" 3174 3 48 3496
"2754" 3175 3 36 2536
"2755" 3177 3 43 839
"2756" 3178 3 6 277
"2757" 3179 3 14 1196
"2758" 3180 3 22 895
"2759" 3181 3 32 185
"2760" 3182 3 72 1260
"2761" 3183 3 24 893
"2762" 3184 3 13 2963
"2763" 3185 3 30 656
"2764" 3186 3 11 3199
"2765" 3188 3 38 1516
"2766" 3189 3 63 2368
"2767" 3190 3 38 931
"2768" 3191 3 23 3451
"2769" 3192 3 75 465
"2770" 3193 3 45 1455
"2771" 3195 3 20 1001
"2772" 3196 3 44 3204
"2773" 3197 3 56 1036
"2774" 3198 3 56 844
"2775" 3199 3 49 2663
"2776" 3200 3 29 1325
"2777" 3201 3 7 140
"2778" 3203 3 51 1584
"2779" 3204 3 81 2815
"2780" 3205 3 70 2356
"2781" 3206 3 37 646
"2782" 3207 3 48 1479
"2783" 3208 3 36 874
"2784" 3209 3 16 235
"2785" 3210 3 6 3089
"2786" 3211 3 35 2360
"2787" 3212 3 14 1483
"2788" 3213 3 22 2867
"2789" 3214 3 32 2618
"2790" 3215 3 12 2429
"2791" 3216 2 24 910
"2792" 3217 3 73 3048
"2793" 3218 3 68 1468
"2794" 3219 3 11 1985
"2795" 3221 3 38 850
"2796" 3222 3 34 1308
"2797" 3223 3 38 2028
"2798" 3224 3 63 742
"2799" 3225 3 75 310
"2800" 3226 3 45 98
"2801" 3227 3 20 2635
"2802" 3228 3 27 697
"2803" 3229 3 56 2134
"2804" 3230 3 56 1009
"2805" 3231 3 49 3236
"2806" 3232 3 29 1322
"2807" 3233 3 19 1227
"2808" 3234 3 17 3126
"2809" 3235 3 74 260
"2810" 3237 3 54 2604
"2811" 3238 3 15 1119
"2812" 3239 3 52 3647
"2813" 3240 3 42 958
"2814" 3241 3 16 3431
"2815" 3242 3 3 513
"2816" 3243 3 35 2637
"2817" 3244 3 14 2544
"2818" 3245 3 2 2550
"2819" 3247 3 80 7
"2820" 3248 3 12 156
"2821" 3249 3 57 3707
"2822" 3250 3 5 3116
"2823" 3251 3 68 353
"2824" 3252 3 13 1708
"2825" 3253 3 40 1387
"2826" 3254 3 38 3396
"2827" 3255 3 63 91
"2828" 3256 3 75 2049
"2829" 3257 3 45 1635
"2830" 3258 3 20 1765
"2831" 3259 3 65 402
"2832" 3260 3 56 1556
"2833" 3261 3 84 915
"2834" 3262 3 56 770
"2835" 3263 3 60 2325
"2836" 3264 3 61 2281
"2837" 3265 3 19 1150
"2838" 3266 3 17 2721
"2839" 3267 3 82 130
"2840" 3268 3 54 1755
"2841" 3269 3 1 820
"2842" 3270 3 62 2512
"2843" 3271 3 42 3500
"2844" 3273 3 39 1507
"2845" 3274 3 71 638
"2846" 3276 3 35 3047
"2847" 3277 3 6 2076
"2848" 3278 3 14 1367
"2849" 3279 3 80 3435
"2850" 3280 3 25 1467
"2851" 3281 3 67 2379
"2852" 3282 3 79 1498
"2853" 3283 3 77 1994
"2854" 3284 3 13 2325
"2855" 3285 3 66 1780
"2856" 3286 3 38 1385
"2857" 3287 3 63 2255
"2858" 3288 3 38 1304
"2859" 3289 3 45 1189
"2860" 3290 3 4 508
"2861" 3291 3 65 2463
"2862" 3292 3 59 1634
"2863" 3293 3 84 3618
"2864" 3294 3 56 3311
"2865" 3295 3 9 1107
"2866" 3296 3 61 1959
"2867" 3297 3 19 3249
"2868" 3299 3 46 3345
"2869" 3300 3 82 2293
"2870" 3302 3 54 822
"2871" 3303 3 1 1993
"2872" 3304 3 62 2765
"2873" 3305 3 42 2897
"2874" 3306 3 39 1364
"2875" 3307 3 36 2443
"2876" 3308 3 35 2265
"2877" 3309 3 6 1862
"2878" 3310 3 14 127
"2879" 3311 3 25 3008
"2880" 3312 3 67 1544
"2881" 3313 3 79 3096
"2882" 3314 3 77 153
"2883" 3315 3 13 829
"2884" 3316 3 30 98
"2885" 3317 3 66 1098
"2886" 3318 3 38 2285
"2887" 3319 3 63 2342
"2888" 3320 3 38 3217
"2889" 3321 3 45 2650
"2890" 3322 3 26 372
"2891" 3323 3 33 1319
"2892" 3324 3 28 2229
"2893" 3325 3 20 3642
"2894" 3326 3 44 98
"2895" 3327 3 56 1254
"2896" 3328 3 9 978
"2897" 3329 3 56 3360
"2898" 3330 3 53 3107
"2899" 3332 3 29 1954
"2900" 3333 3 7 1750
"2901" 3335 3 54 454
"2902" 3336 3 51 3514
"2903" 3337 3 64 539
"2904" 3338 3 37 1206
"2905" 3339 3 48 1599
"2906" 3340 3 36 3070
"2907" 3341 3 43 3180
"2908" 3342 3 6 1432
"2909" 3343 3 14 2452
"2910" 3344 3 50 708
"2911" 3345 3 41 512
"2912" 3346 3 32 1273
"2913" 3347 3 72 342
"2914" 3348 3 24 391
"2915" 3349 3 13 3691
"2916" 3350 3 30 3002
"2917" 3351 3 66 3527
"2918" 3353 3 38 2402
"2919" 3354 3 63 176
"2920" 3355 3 38 2843
"2921" 3356 3 23 2228
"2922" 3357 3 75 1292
"2923" 3358 3 45 3308
"2924" 3359 3 20 2135
"2925" 3360 3 44 2242
"2926" 3361 3 56 1983
"2927" 3362 3 84 2361
"2928" 3363 3 56 1840
"2929" 3364 3 49 2081
"2930" 3365 3 29 532
"2931" 3366 3 7 510
"2932" 3368 3 51 1123
"2933" 3369 3 64 3257
"2934" 3370 3 37 788
"2935" 3371 3 48 2822
"2936" 3372 3 36 1121
"2937" 3373 3 16 2328
"2938" 3374 3 6 312
"2939" 3375 3 58 826
"2940" 3376 3 14 2307
"2941" 3377 3 22 1861
"2942" 3378 3 32 223
"2943" 3379 3 12 1233
"2944" 3380 3 24 981
"2945" 3381 3 73 553
"2946" 3382 3 68 3575
"2947" 3383 3 11 1358
"2948" 3385 3 38 2021
"2949" 3386 3 34 1131
"2950" 3387 3 38 2728
"2951" 3388 3 23 1374
"2952" 3389 3 75 2586
"2953" 3390 3 45 1614
"2954" 3392 3 20 2809
"2955" 3393 3 27 1011
"2956" 3394 3 56 2270
"2957" 3395 3 56 218
"2958" 3396 3 49 2814
"2959" 3398 3 29 1231
"2960" 3399 3 19 3518
"2961" 3400 3 28 211
"2962" 3401 3 17 1130
"2963" 3402 3 81 2181
"2964" 3404 3 54 2189
"2965" 3405 3 15 1160
"2966" 3406 3 52 1807
"2967" 3407 3 42 2397
"2968" 3408 3 16 244
"2969" 3409 3 3 3090
"2970" 3410 3 35 2954
"2971" 3411 3 14 1693
"2972" 3412 3 2 1515
"2973" 3414 3 32 69
"2974" 3415 3 12 2560
"2975" 3416 3 57 118
"2976" 3417 3 5 968
"2977" 3418 3 68 771
"2978" 3419 3 13 2125
"2979" 3420 3 38 2094
"2980" 3421 3 38 3077
"2981" 3422 3 63 702
"2982" 3423 3 75 665
"2983" 3424 3 45 1764
"2984" 3425 3 20 2455
"2985" 3426 3 65 59
"2986" 3427 3 56 2771
"2987" 3428 3 56 235
"2988" 3429 3 60 3083
"2989" 3430 3 29 617
"2990" 3431 3 19 3450
"2991" 3433 3 17 1727
"2992" 3434 3 74 2084
"2993" 3435 3 54 904
"2994" 3436 3 1 731
"2995" 3437 3 52 1453
"2996" 3438 3 42 3163
"2997" 3439 3 39 1243
"2998" 3440 3 71 2162
"2999" 3441 3 69 81
"3000" 3442 3 35 1158
"3001" 3443 3 14 3049
"3002" 3452 3 28 2085
"3003" 3455 3 41 594
"3004" 3458 3 69 767
"3005" 3460 3 55 1644
"3006" 3462 3 38 3112
"3007" 3463 3 42 1182
"3008" 3466 3 55 892
"3009" 3473 3 21 2239
"3010" 3482 3 7 140
"3011" 3485 3 83 1615
"3012" 3492 3 26 3259
"3013" 3493 3 33 3218
"3014" 3494 3 20 1261
"3015" 3495 3 44 2841
"3016" 3496 3 56 101
"3017" 3497 3 84 713
"3018" 3498 3 56 2260
"3019" 3499 3 53 2543
"3020" 3500 3 29 2992
"3021" 3501 3 7 1499
"3022" 3503 3 51 3562
"3023" 3504 3 64 2086
"3024" 3505 3 37 1698
"3025" 3506 3 48 3068
"3026" 3507 3 36 469
"3027" 3509 3 43 2038
"3028" 3510 3 6 1923
"3029" 3511 3 14 423
"3030" 3512 3 22 462
"3031" 3513 3 32 3283
"3032" 3514 3 72 2273
"3033" 3515 3 24 3537
"3034" 3516 3 13 2581
"3035" 3517 3 30 3273
"3036" 3518 3 11 3025
"3037" 3520 3 38 3062
"3038" 3521 3 63 1743
"3039" 3522 3 38 891
"3040" 3523 3 23 1348
"3041" 3524 3 75 3030
"3042" 3525 3 45 15
"3043" 3527 3 20 2217
"3044" 3528 3 44 2113
"3045" 3529 3 56 1621
"3046" 3530 3 56 1188
"3047" 3531 3 49 1680
"3048" 3533 3 29 2348
"3049" 3534 3 7 2998
"3050" 3536 3 51 657
"3051" 3537 3 81 3468
"3052" 3538 3 70 2690
"3053" 3539 3 37 1944
"3054" 3540 3 48 1869
"3055" 3541 3 36 3131
"3056" 3542 3 16 235
"3057" 3543 3 6 2986
"3058" 3544 3 35 2571
"3059" 3545 3 14 3065
"3060" 3546 3 22 3554
"3061" 3547 3 32 3315
"3062" 3548 3 12 2308
"3063" 3549 3 24 2583
"3064" 3550 3 73 1451
"3065" 3551 3 68 3595
"3066" 3552 3 11 149
"3067" 3553 3 38 3593
"3068" 3554 3 34 902
"3069" 3555 3 38 2977
"3070" 3556 3 63 3266
"3071" 3557 3 75 2672
"3072" 3558 3 45 1293
"3073" 3559 3 20 888
"3074" 3560 3 27 3327
"3075" 3561 3 56 3088
"3076" 3562 3 84 3027
"3077" 3563 3 56 2842
"3078" 3564 3 49 1792
"3079" 3565 3 29 912
"3080" 3566 3 19 885
"3081" 3567 3 17 170
"3082" 3568 3 74 1736
"3083" 3570 3 54 2367
"3084" 3571 3 15 894
"3085" 3572 3 52 1230
"3086" 3573 3 42 1219
"3087" 3574 3 16 2866
"3088" 3575 3 3 224
"3089" 3576 3 35 3695
"3090" 3577 3 14 1147
"3091" 3578 3 2 395
"3092" 3580 3 20 2013
"3093" 3581 3 80 1665
"3094" 3582 3 12 2602
"3095" 3583 3 57 974
"3096" 3584 3 5 1102
"3097" 3585 3 68 232
"3098" 3586 3 13 1366
"3099" 3587 3 40 3280
"3100" 3588 3 83 773
"3101" 3589 3 38 3532
"3102" 3590 3 63 3305
"3103" 3591 3 75 1895
"3104" 3592 3 45 3133
"3105" 3593 3 20 819
"3106" 3594 3 65 774
"3107" 3595 3 56 3182
"3108" 3596 3 84 929
"3109" 3597 3 56 3544
"3110" 3598 3 60 1928
"3111" 3599 3 61 3412
"3112" 3600 3 19 3100
"3113" 3602 3 17 782
"3114" 3603 2 10 393
"3115" 3605 3 54 3542
"3116" 3606 3 1 3556
"3117" 3607 3 62 611
"3118" 3608 3 42 2154
"3119" 3610 3 39 791
"3120" 3611 3 71 2097
"3121" 3612 3 35 1496
"3122" 3613 3 6 1142
"3123" 3614 3 14 2151
"3124" 3615 3 80 2209
"3125" 3616 3 25 1580
"3126" 3617 3 67 2864
"3127" 3618 3 79 3404
"3128" 3619 2 68 2888
"3129" 3620 3 13 2500
"3130" 3621 3 66 2872
"3131" 3622 3 38 3662
"3132" 3623 3 63 2829
"3133" 3624 3 38 444
"3134" 3625 3 45 1558
"3135" 3626 3 4 2000
"3136" 3627 3 65 1033
"3137" 3628 3 59 2398
"3138" 3629 3 84 919
"3139" 3630 3 56 598
"3140" 3631 3 9 2691
"3141" 3632 3 61 2740
"3142" 3633 3 19 3659
"3143" 3634 3 46 2790
"3144" 3635 3 82 1444
"3145" 3637 3 54 2485
"3146" 3638 3 1 44
"3147" 3639 3 62 2725
"3148" 3640 3 42 1047
"3149" 3641 3 39 3123
"3150" 3642 3 36 24
"3151" 3643 3 35 3064
"3152" 3644 3 6 182
"3153" 3645 3 14 833
"3154" 3646 3 25 995
"3155" 3647 3 67 1799
"3156" 3648 3 79 880
"3157" 3649 3 77 876
"3158" 3650 3 13 124
"3159" 3651 3 30 98
"3160" 3652 3 66 787
"3161" 3654 3 38 3452
"3162" 3655 3 63 2999
"3163" 3656 3 38 773
"3164" 3657 3 45 2172
"3165" 3658 3 26 704
"3166" 3659 3 33 3557
"3167" 3660 3 20 3538
"3168" 3661 3 44 648
"3169" 3662 3 56 1567
"3170" 3663 3 9 563
"3171" 3664 3 56 2247
"3172" 3665 3 53 55
"3173" 3667 3 29 2388
"3174" 3668 3 7 1370
"3175" 3669 3 54 2297
"3176" 3670 3 51 486
"3177" 3671 3 64 3553
"3178" 3672 3 37 121
"3179" 3673 3 48 470
"3180" 3674 3 36 2680
"3181" 3675 3 43 2531
"3182" 3676 3 6 2476
"3183" 3677 3 14 1488
"3184" 3679 3 50 1424
"3185" 3681 3 32 1120
"3186" 3682 3 72 1873
"3187" 3683 3 24 236
"3188" 3684 3 13 1952
"3189" 3685 3 30 2108
"3190" 3686 3 66 868
"3191" 3688 3 38 2310
"3192" 3689 3 63 1590
"3193" 3690 3 38 1762
"3194" 3691 3 23 36
"3195" 3692 3 75 3153
"3196" 3693 3 45 2684
"3197" 3694 3 20 523
"3198" 3695 3 44 3677
"3199" 3696 3 56 3393
"3200" 3697 3 84 661
"3201" 3698 3 56 890
"3202" 3699 3 49 2244
"3203" 3700 3 29 3106
"3204" 3701 3 7 2971
"3205" 3703 3 51 2673
"3206" 3704 3 64 3129
"3207" 3705 3 37 2338
"3208" 3706 3 48 3448
"3209" 3707 3 36 3040
"3210" 3708 3 16 2023
"3211" 3709 3 6 3287
"3212" 3710 3 58 2982
"3213" 3711 3 14 2327
"3214" 3712 3 22 793
"3215" 3713 3 32 2091
"3216" 3714 3 12 807
"3217" 3715 3 24 2506
"3218" 3716 3 73 2100
"3219" 3717 3 68 3653
"3220" 3718 3 11 3240
"3221" 3720 3 38 228
"3222" 3721 3 34 3321
"3223" 3722 3 38 2300
"3224" 3723 3 23 2045
"3225" 3724 3 75 1080
"3226" 3725 3 45 1511
"3227" 3726 3 20 2416
"3228" 3727 3 27 669
"3229" 3728 3 56 1524
"3230" 3729 3 84 3651
"3231" 3730 3 56 1262
"3232" 3731 3 49 459
"3233" 3733 3 29 949
"3234" 3734 3 19 2218
"3235" 3735 3 28 3567
"3236" 3736 3 17 2880
"3237" 3737 3 81 3039
"3238" 3738 3 54 3455
"3239" 3739 3 15 3245
"3240" 3740 3 52 2609
"3241" 3741 3 42 3056
"3242" 3742 3 16 549
"3243" 3743 3 3 112
"3244" 3744 3 35 1628
"3245" 3745 3 14 1146
"3246" 3746 3 2 104
"3247" 3747 3 32 3059
"3248" 3748 3 12 3495
"3249" 3749 3 57 945
"3250" 3750 3 5 2066
"3251" 3751 3 68 3160
"3252" 3752 3 13 1347
"3253" 3753 3 38 934
"3254" 3754 3 41 3550
"3255" 3755 3 38 3621
"3256" 3756 3 63 1972
"3257" 3757 3 75 805
"3258" 3758 3 45 781
"3259" 3759 3 20 984
"3260" 3760 3 65 1949
"3261" 3761 3 56 3613
"3262" 3762 3 56 117
"3263" 3763 3 60 351
"3264" 3764 3 29 2734
"3265" 3765 3 19 1578
"3266" 3766 3 17 178
"3267" 3767 3 74 889
"3268" 3768 3 54 1594
"3269" 3769 3 1 2818
"3270" 3770 3 52 1677
"3271" 3771 3 42 970
"3272" 3772 3 39 1834
"3273" 3773 3 71 162
"3274" 3774 3 35 363
"3275" 3775 3 14 2179
"3276" 3776 3 14 592
"3277" 3777 3 80 3203
"3278" 3778 3 25 941
"3279" 3779 3 67 3702
"3280" 3780 3 79 3091
"3281" 3781 3 68 3381
"3282" 3782 3 13 3192
"3283" 3783 3 40 2110
"3284" 3784 3 66 694
"3285" 3785 3 38 2792
"3286" 3786 3 63 2012
"3287" 3787 3 75 1945
"3288" 3788 3 45 834
"3289" 3789 3 4 3179
"3290" 3790 3 65 1759
"3291" 3791 3 76 2777
"3292" 3792 3 84 2271
"3293" 3793 3 56 2146
"3294" 3794 3 60 2047
"3295" 3795 3 61 2421
"3296" 3796 3 19 736
"3297" 3797 3 46 3570
"3298" 3798 3 82 2651
"3299" 3799 3 54 2681
"3300" 3800 3 1 3541
"3301" 3801 3 62 3505
"3302" 3802 3 42 2558
"3303" 3803 3 39 1758
"3304" 3804 3 28 3251
"3305" 3805 3 36 1875
"3306" 3806 3 35 1485
"3307" 3807 3 6 3114
"3308" 3808 3 14 1415
"3309" 3809 3 25 1854
"3310" 3810 3 67 2390
"3311" 3811 3 79 1030
"3312" 3812 3 77 3011
"3313" 3813 3 13 1245
"3314" 3814 3 30 3474
"3315" 3815 3 66 3641
"3316" 3817 3 38 1236
"3317" 3818 3 63 387
"3318" 3819 3 38 334
"3319" 3820 3 45 947
"3320" 3822 3 4 439
"3321" 3823 3 33 2063
"3322" 3824 3 59 2694
"3323" 3825 3 44 514
"3324" 3827 3 56 1161
"3325" 3828 3 9 506
"3326" 3829 3 56 1335
"3327" 3830 3 53 3487
"3328" 3832 3 29 3253
"3329" 3833 3 7 3368
"3330" 3835 3 54 367
"3331" 3836 3 51 1753
"3332" 3837 3 64 559
"3333" 3838 3 42 2196
"3334" 3839 3 48 1237
"3335" 3840 3 36 1195
"3336" 3841 3 43 1021
"3337" 3842 3 6 3555
"3338" 3843 3 14 1340
"3339" 3844 3 50 1357
"3340" 3845 3 32 2671
"3341" 3846 3 72 2104
"3342" 3847 3 8 1428
"3343" 3848 3 13 3560
"3344" 3849 3 30 2982
"3345" 3850 3 66 2701
"3346" 3851 3 38 2186
"3347" 3852 3 63 535
"3348" 3853 3 38 293
"3349" 3854 3 45 1057
"3350" 3855 3 26 2660
"3351" 3856 2 33 1405
"3352" 3857 3 20 2190
"3353" 3858 3 44 1968
"3354" 3859 3 56 1631
"3355" 3860 3 84 3081
"3356" 3861 3 56 1466
"3357" 3862 3 53 231
"3358" 3863 3 29 1530
"3359" 3864 3 7 1540
"3360" 3866 3 51 1901
"3361" 3867 3 64 639
"3362" 3868 3 37 3395
"3363" 3869 3 48 901
"3364" 3870 3 36 543
"3365" 3872 3 16 3202
"3366" 3873 3 6 1690
"3367" 3874 3 14 2074
"3368" 3875 3 22 2625
"3369" 3876 3 55 575
"3370" 3877 3 32 1504
"3371" 3878 3 72 2826
"3372" 3879 3 24 2482
"3373" 3880 3 13 107
"3374" 3881 3 68 1181
"3375" 3882 3 11 2547
"3376" 3883 3 38 239
"3377" 3884 3 63 1587
"3378" 3885 3 38 2516
"3379" 3886 3 23 3460
"3380" 3887 3 75 214
"3381" 3888 3 45 2165
"3382" 3889 3 20 1191
"3383" 3890 3 27 3635
"3384" 3891 3 56 1501
"3385" 3892 3 56 799
"3386" 3893 3 49 3313
"3387" 3895 3 29 213
"3388" 3896 3 19 1054
"3389" 3898 3 17 2876
"3390" 3899 3 81 1327
"3391" 3900 3 70 2568
"3392" 3901 3 15 2708
"3393" 3902 3 52 3571
"3394" 3903 3 36 1361
"3395" 3904 3 16 2724
"3396" 3905 3 6 2277
"3397" 3906 3 35 425
"3398" 3907 3 14 1856
"3399" 3908 3 22 602
"3400" 3909 3 20 2524
"3401" 3910 3 32 2856
"3402" 3911 3 12 3713
"3403" 3912 3 57 2195
"3404" 3913 3 73 998
"3405" 3914 3 68 3043
"3406" 3915 3 13 2938
"3407" 3917 3 38 1904
"3408" 3918 3 34 3232
"3409" 3919 3 38 1725
"3410" 3920 3 63 1145
"3411" 3921 3 75 2891
"3412" 3922 3 45 2542
"3413" 3923 3 20 3419
"3414" 3924 3 27 600
"3415" 3925 3 56 3622
"3416" 3926 3 84 3078
"3417" 3927 3 56 2598
"3418" 3928 3 60 1990
"3419" 3929 3 29 2697
"3420" 3930 3 19 681
"3421" 3932 3 17 3145
"3422" 3933 3 74 712
"3423" 3935 3 54 482
"3424" 3936 3 1 1963
"3425" 3937 3 52 914
"3426" 3938 3 42 933
"3427" 3939 3 16 3581
"3428" 3940 3 3 168
"3429" 3941 3 35 417
"3430" 3942 3 14 3142
"3431" 3943 3 2 927
"3432" 3944 3 20 2410
"3433" 3945 3 80 786
"3434" 3946 3 12 1527
"3435" 3947 3 67 2549
"3436" 3948 3 79 1828
"3437" 3949 3 68 3120
"3438" 3950 3 13 1399
"3439" 3952 3 40 257
"3440" 3953 2 47 1974
"3441" 3954 3 38 2852
"3442" 3955 3 63 1198
"3443" 3956 3 75 936
"3444" 3957 3 45 356
"3445" 3958 3 4 1939
"3446" 3959 3 65 1703
"3447" 3960 2 18 623
"3448" 3961 3 56 2337
"3449" 3962 3 60 150
"3450" 3963 3 61 2143
"3451" 3964 3 19 2474
"3452" 3965 3 17 1781
"3453" 3966 3 82 375
"3454" 3968 3 54 2225
"3455" 3969 3 1 1129
"3456" 3970 3 62 1706
"3457" 3971 3 42 2688
"3458" 3973 3 39 2726
"3459" 3974 3 71 3099
"3460" 3975 3 35 3632
"3461" 3976 3 6 303
"3462" 3977 3 14 3085
"3463" 3978 3 25 2325
"3464" 3979 3 67 2400
"3465" 3980 3 79 3356
"3466" 3981 3 77 1545
"3467" 3982 3 13 1491
"3468" 3983 3 30 1386
"3469" 3984 3 66 733
"3470" 3986 3 38 2119
"3471" 3987 3 63 2223
"3472" 3988 3 38 3352
"3473" 3989 3 45 3314
"3474" 3991 3 4 3549
"3475" 3992 3 33 2017
"3476" 3993 3 59 232
"3477" 3994 3 44 1266
"3478" 3995 3 56 1885
"3479" 3996 3 9 3628
"3480" 3997 3 56 215
"3481" 3998 3 53 3084
"3482" 3999 2 46 1964
"3483" 4000 3 7 2040
"3484" 4001 3 54 792
"3485" 4002 3 1 169
"3486" 4003 3 64 364
"3487" 4004 3 42 1662
"3488" 4005 3 39 2395
"3489" 4006 3 36 2682
"3490" 4007 3 43 1543
"3491" 4008 3 6 9
"3492" 4010 3 14 2956
"3493" 4011 3 50 1645
"3494" 4012 3 67 2254
"3495" 4013 3 79 87
"3496" 4014 3 77 2048
"3497" 4015 3 13 68
"3498" 4016 3 30 542
"3499" 4017 3 66 1643
"3500" 4018 3 38 3526
"3501" 4019 3 63 2623
"3502" 4020 3 38 2378
"3503" 4021 3 45 1089
"3504" 4022 3 55 2105
"3505" 4023 3 38 3521
"3506" 4029 3 55 1294
"3507" 4040 3 21 3300
"3508" 4043 3 7 777
"3509" 4059 3 28 1737
"3510" 4063 3 41 1487
"3511" 4066 3 28 1566
"3512" 4069 3 42 1163
"3513" 4071 3 69 2082
"3514" 4073 3 54 2448
"3515" 4074 3 15 139
"3516" 4075 3 52 319
"3517" 4076 3 42 2169
"3518" 4077 3 16 224
"3519" 4078 3 3 887
"3520" 4079 3 35 3252
"3521" 4080 3 14 2194
"3522" 4081 3 2 3172
"3523" 4082 3 32 2875
"3524" 4083 3 12 1767
"3525" 4084 3 57 3525
"3526" 4085 3 5 2763
"3527" 4086 3 68 2848
"3528" 4087 3 13 1636
"3529" 4089 3 38 772
"3530" 4090 3 41 1303
"3531" 4092 3 38 2967
"3532" 4093 3 63 3233
"3533" 4094 3 75 1793
"3534" 4095 3 45 693
"3535" 4096 3 20 960
"3536" 4097 3 65 655
"3537" 4098 3 56 2629
"3538" 4099 3 56 2124
"3539" 4100 3 60 2114
"3540" 4101 3 29 1704
"3541" 4102 3 19 810
"3542" 4104 3 17 667
"3543" 4105 3 74 305
"3544" 4107 3 54 520
"3545" 4108 3 1 2689
"3546" 4109 3 52 675
"3547" 4110 3 42 2212
"3548" 4111 2 16 538
"3549" 4112 3 71 392
"3550" 4113 3 35 298
"3551" 4114 3 14 340
"3552" 4115 3 14 596
"3553" 4116 3 80 828
"3554" 4117 2 12 467
"3555" 4118 3 67 1910
"3556" 4119 3 79 3349
"3557" 4120 3 68 1607
"3558" 4121 3 13 3225
"3559" 4122 3 40 3211
"3560" 4123 3 66 2534
"3561" 4124 3 38 2555
"3562" 4125 3 63 259
"3563" 4126 3 75 3196
"3564" 4127 3 45 2064
"3565" 4128 3 4 3058
"3566" 4129 3 65 588
"3567" 4130 3 76 2739
"3568" 4131 3 84 136
"3569" 4132 3 56 1401
"3570" 4133 3 60 1458
"3571" 4134 3 61 750
"3572" 4135 3 19 3652
"3573" 4136 3 46 40
"3574" 4137 3 82 1318
"3575" 4138 3 54 2251
"3576" 4139 3 1 1811
"3577" 4140 3 62 2797
"3578" 4141 3 42 1228
"3579" 4142 3 39 3320
"3580" 4143 3 28 2445
"3581" 4144 3 36 2252
"3582" 4145 3 35 720
"3583" 4146 3 6 1443
"3584" 4147 3 14 2589
"3585" 4148 3 25 1035
"3586" 4149 3 67 2236
"3587" 4150 3 79 3195
"3588" 4151 3 77 1019
"3589" 4152 3 13 544
"3590" 4153 3 30 1252
"3591" 4154 3 66 2743
"3592" 4155 3 38 485
"3593" 4156 3 63 1286
"3594" 4157 3 38 710
"3595" 4158 3 45 225
"3596" 4159 3 4 3274
"3597" 4160 3 33 763
"3598" 4161 3 41 361
"3599" 4162 3 59 203
"3600" 4163 3 44 935
"3601" 4164 3 56 325
"3602" 4165 3 9 1341
"3603" 4166 3 56 274
"3604" 4167 3 53 1645
"3605" 4168 3 29 1554
"3606" 4169 3 7 1786
"3607" 4170 3 54 2490
"3608" 4171 3 51 1740
"3609" 4172 3 64 451
"3610" 4173 3 42 3351
"3611" 4174 3 48 1225
"3612" 4175 3 36 79
"3613" 4176 3 43 877
"3614" 4177 3 6 2667
"3615" 4178 3 14 3665
"3616" 4179 3 50 3392
"3617" 4180 3 32 147
"3618" 4181 2 79 3561
"3619" 4182 3 69 2883
"3620" 4183 3 8 822
"3621" 4184 3 13 2628
"3622" 4185 3 30 2827
"3623" 4186 3 66 3178
"3624" 4187 3 38 382
"3625" 4188 3 63 2227
"3626" 4189 3 38 1013
"3627" 4190 3 45 3089
"3628" 4191 3 26 3303
"3629" 4192 3 33 3417
"3630" 4193 3 20 2206
"3631" 4194 3 44 643
"3632" 4195 3 56 606
"3633" 4196 3 56 1461
"3634" 4197 3 53 1889
"3635" 4199 3 29 3092
"3636" 4200 3 7 1583
"3637" 4201 3 51 371
"3638" 4202 3 64 3222
"3639" 4203 3 37 622
"3640" 4204 3 48 2774
"3641" 4205 3 36 1700
"3642" 4207 2 43 1883
"3643" 4208 3 6 2071
"3644" 4209 3 14 1167
"3645" 4210 3 22 1926
"3646" 4211 3 32 235
"3647" 4212 3 72 869
"3648" 4213 3 24 795
"3649" 4214 3 13 374
"3650" 4215 2 30 1224
"3651" 4216 3 11 2789
"3652" 4217 3 38 1232
"3653" 4218 3 63 680
"3654" 4219 3 38 2854
"3655" 4220 3 23 269
"3656" 4221 3 75 2845
"3657" 4222 3 45 3440
"3658" 4223 3 20 1976
"3659" 4224 3 27 1588
"3660" 4225 3 56 3492
"3661" 4226 3 56 1400
"3662" 4227 3 49 174
"3663" 4229 3 29 3319
"3664" 4230 3 19 2409
"3665" 4231 3 17 1109
"3666" 4232 3 81 650
"3667" 4234 3 70 411
"3668" 4235 2 37 1494
"3669" 4236 3 52 1264
"3670" 4237 3 36 2834
"3671" 4238 3 16 3029
"3672" 4239 3 6 2958
"3673" 4240 3 35 1629
"3674" 4241 3 14 1596
"3675" 4242 3 22 3715
"3676" 4243 3 32 2350
"3677" 4244 3 12 3501
"3678" 4245 3 57 3713
"3679" 4246 3 73 998
"3680" 4247 3 68 33
"3681" 4248 3 13 1173
"3682" 4249 3 38 1841
"3683" 4250 3 34 1127
"3684" 4251 3 38 494
"3685" 4252 3 63 1078
"3686" 4253 3 75 1666
"3687" 4254 3 45 190
"3688" 4255 3 20 1738
"3689" 4256 3 27 2215
"3690" 4257 3 56 2686
"3691" 4258 3 56 2840
"3692" 4259 3 60 2219
"3693" 4260 3 29 2009
"3694" 4261 3 19 128
"3695" 4262 3 17 2611
"3696" 4263 3 74 3298
"3697" 4264 3 54 2164
"3698" 4265 3 1 2076
"3699" 4266 3 52 1439
"3700" 4267 3 42 966
"3701" 4268 3 16 2399
"3702" 4269 3 3 1570
"3703" 4270 3 35 165
"3704" 4271 3 14 2314
"3705" 4272 3 2 522
"3706" 4273 3 20 3042
"3707" 4274 3 80 3607
"3708" 4275 3 12 2607
"3709" 4276 3 67 2530
"3710" 4277 2 5 173
"3711" 4278 3 68 897
"3712" 4279 3 13 2692
"3713" 4281 3 40 684
"3714" 4282 3 55 2925
"3715" 4283 3 38 1421
"3716" 4284 3 63 1178
"3717" 4285 3 75 2527
"3718" 4286 3 45 1550
"3719" 4287 2 20 672
"3720" 4288 3 65 1863
"3721" 4289 3 56 1575
"3722" 4290 3 60 2882
"3723" 4291 3 61 3231
"3724" 4292 3 19 1850
"3725" 4293 3 17 1157
"3726" 4294 3 82 3519
"3727" 4296 3 54 806
"3728" 4297 3 1 3513
"3729" 4298 3 62 1333
"3730" 4299 3 42 2830
"3731" 4301 3 39 1980
"3732" 4302 3 71 1016
"3733" 4303 3 35 1672
"3734" 4304 3 6 582
"3735" 4305 3 14 2844
"3736" 4306 2 80 3623
"3737" 4307 3 25 1606
"3738" 4308 3 67 3637
"3739" 4309 3 79 1688
"3740" 4310 3 77 1481
"3741" 4311 3 13 2983
"3742" 4312 3 30 3719
"3743" 4313 3 66 2700
"3744" 4314 3 38 930
"3745" 4315 3 63 2733
"3746" 4316 3 38 401
"3747" 4317 3 45 3258
"3748" 4319 3 4 658
"3749" 4320 3 33 1769
"3750" 4321 3 59 1166
"3751" 4322 3 44 3012
"3752" 4323 3 56 2654
"3753" 4324 3 9 1646
"3754" 4325 3 56 716
"3755" 4326 3 53 1500
"3756" 4328 3 46 2289
"3757" 4329 3 7 2351
"3758" 4330 3 54 1012
"3759" 4331 3 1 2917
"3760" 4332 3 64 408
"3761" 4333 3 42 3232
"3762" 4334 3 39 2890
"3763" 4335 3 36 2020
"3764" 4336 3 43 2892
"3765" 4337 3 6 1321
"3766" 4338 3 14 728
"3767" 4339 3 50 2303
"3768" 4340 3 67 1140
"3769" 4341 3 79 1085
"3770" 4342 3 77 1486
"3771" 4343 3 13 3306
"3772" 4344 3 30 2800
"3773" 4345 3 66 3720
"3774" 4346 3 38 221
"3775" 4347 3 63 424
"3776" 4348 3 38 2591
"3777" 4349 3 45 1168
"3778" 4350 3 26 1695
"3779" 4351 3 33 3226
"3780" 4352 3 20 2287
"3781" 4353 3 44 43
"3782" 4354 3 56 1697
"3783" 4355 3 84 1728
"3784" 4356 3 56 276
"3785" 4357 3 53 3703
"3786" 4358 3 29 1055
"3787" 4359 3 7 1845
"3788" 4360 3 51 719
"3789" 4361 3 64 653
"3790" 4362 3 37 626
"3791" 4363 3 48 1639
"3792" 4364 3 36 2724
"3793" 4366 3 43 287
"3794" 4367 3 6 1653
"3795" 4368 3 14 423
"3796" 4369 3 13 1279
"3797" 4370 3 22 1810
"3798" 4371 3 21 67
"3799" 4372 3 32 2634
"3800" 4373 3 72 2632
"3801" 4374 3 24 3143
"3802" 4375 3 13 2497
"3803" 4376 3 30 195
"3804" 4377 3 11 141
"3805" 4379 3 38 1169
"3806" 4380 3 63 123
"3807" 4381 3 38 1297
"3808" 4382 3 23 573
"3809" 4383 3 75 3698
"3810" 4384 3 45 2331
"3811" 4386 3 20 1755
"3812" 4387 3 44 1839
"3813" 4388 3 56 489
"3814" 4389 3 84 2760
"3815" 4390 3 56 3386
"3816" 4391 3 49 1669
"3817" 4393 3 29 299
"3818" 4394 3 7 2806
"3819" 4395 3 51 2345
"3820" 4396 3 81 429
"3821" 4397 3 70 2975
"3822" 4398 3 37 3675
"3823" 4399 3 48 1050
"3824" 4400 3 36 2015
"3825" 4401 3 16 3590
"3826" 4402 3 6 3074
"3827" 4403 3 35 3037
"3828" 4404 3 14 323
"3829" 4405 3 22 3576
"3830" 4406 3 32 3439
"3831" 4407 3 12 500
"3832" 4409 3 24 2498
"3833" 4410 3 73 1878
"3834" 4411 3 68 14
"3835" 4412 3 11 1965
"3836" 4413 3 38 953
"3837" 4414 3 34 1220
"3838" 4415 3 38 1620
"3839" 4416 3 63 1988
"3840" 4417 3 75 3069
"3841" 4418 3 45 2343
"3842" 4419 3 20 2961
"3843" 4420 3 27 3490
"3844" 4421 3 56 1288
"3845" 4422 3 84 2636
"3846" 4423 3 56 1139
"3847" 4424 3 49 2561
"3848" 4426 3 29 1006
"3849" 4427 3 19 3645
"3850" 4428 3 17 780
"3851" 4429 2 81 3624
"3852" 4431 3 54 1416
"3853" 4432 3 15 1557
"3854" 4433 3 52 2058
"3855" 4434 3 42 1941
"3856" 4435 3 16 354
"3857" 4436 3 3 2935
"3858" 4437 3 35 3325
"3859" 4438 3 14 1382
"3860" 4439 3 2 2011
"3861" 4440 3 80 1243
"3862" 4441 3 12 2803
"3863" 4442 3 57 135
"3864" 4443 3 5 1135
"3865" 4444 3 68 264
"3866" 4445 3 13 3130
"3867" 4446 3 40 1724
"3868" 4447 3 38 1067
"3869" 4448 3 63 2356
"3870" 4449 3 75 206
"3871" 4450 3 45 2034
"3872" 4451 3 20 1250
"3873" 4452 3 65 1642
"3874" 4453 3 56 3089
"3875" 4454 3 84 2439
"3876" 4455 3 56 2161
"3877" 4456 3 60 330
"3878" 4457 3 61 2491
"3879" 4458 3 19 3268
"3880" 4460 3 17 1456
"3881" 4461 3 10 906
"3882" 4462 3 54 2824
"3883" 4463 3 1 3046
"3884" 4464 2 52 2092
"3885" 4465 3 42 235
"3886" 4466 3 39 1932
"3887" 4467 3 71 1473
"3888" 4468 3 35 1705
"3889" 4469 3 6 1801
"3890" 4470 3 14 2952
"3891" 4471 3 80 2405
"3892" 4472 3 25 534
"3893" 4473 3 67 1278
"3894" 4474 3 79 1745
"3895" 4475 3 68 1360
"3896" 4476 3 13 3004
"3897" 4477 3 66 2772
"3898" 4478 3 38 2202
"3899" 4479 3 63 2302
"3900" 4480 2 75 3241
"3901" 4481 3 45 251
"3902" 4482 3 4 1090
"3903" 4483 3 65 572
"3904" 4484 3 59 3640
"3905" 4485 3 84 1618
"3906" 4486 3 56 3582
"3907" 4487 3 9 415
"3908" 4488 3 61 3709
"3909" 4489 3 19 2033
"3910" 4490 3 46 343
"3911" 4491 3 82 191
"3912" 4492 3 54 1898
"3913" 4493 3 1 568
"3914" 4494 3 62 2913
"3915" 4495 3 42 540
"3916" 4496 3 39 2639
"3917" 4497 3 36 1225
"3918" 4498 3 35 62
"3919" 4499 3 6 1480
"3920" 4500 3 14 1924
"3921" 4501 3 25 290
"3922" 4502 3 67 948
"3923" 4503 3 79 197
"3924" 4504 3 77 1094
"3925" 4505 3 13 3256
"3926" 4506 3 30 1603
"3927" 4507 3 66 3458
"3928" 4509 3 38 558
"3929" 4510 3 63 1280
"3930" 4511 3 38 2191
"3931" 4512 3 45 3166
"3932" 4513 3 26 2590
"3933" 4514 3 33 1470
"3934" 4515 3 83 3616
"3935" 4516 3 20 3689
"3936" 4517 3 44 2180
"3937" 4518 3 56 3035
"3938" 4519 3 9 1298
"3939" 4520 3 56 324
"3940" 4521 3 53 409
"3941" 4522 3 29 3712
"3942" 4523 3 7 3184
"3943" 4525 3 54 790
"3944" 4526 3 51 1457
"3945" 4527 3 64 1238
"3946" 4528 3 37 1934
"3947" 4529 3 48 1072
"3948" 4530 3 36 1646
"3949" 4531 3 43 2340
"3950" 4532 3 6 3654
"3951" 4533 3 14 3403
"3952" 4535 3 50 3334
"3953" 4536 3 32 434
"3954" 4537 3 72 2847
"3955" 4538 3 24 3466
"3956" 4539 3 13 2732
"3957" 4540 3 30 1997
"3958" 4541 3 66 220
"3959" 4543 3 38 711
"3960" 4544 3 63 743
"3961" 4545 3 38 2981
"3962" 4546 3 23 2579
"3963" 4547 2 26 1043
"3964" 4548 3 45 1970
"3965" 4549 3 20 3094
"3966" 4550 3 44 3038
"3967" 4551 3 56 1087
"3968" 4552 3 84 30
"3969" 4553 3 56 2666
"3970" 4554 3 49 2479
"3971" 4555 3 29 2149
"3972" 4556 3 7 782
"3973" 4557 3 51 961
"3974" 4558 3 64 3535
"3975" 4559 3 37 2430
"3976" 4560 3 48 2237
"3977" 4561 3 36 3503
"3978" 4562 3 16 414
"3979" 4563 3 6 2
"3980" 4564 3 58 2325
"3981" 4565 3 14 804
"3982" 4566 3 22 1425
"3983" 4567 3 32 2885
"3984" 4568 3 12 1502
"3985" 4569 3 24 3246
"3986" 4570 3 73 2644
"3987" 4571 3 68 441
"3988" 4572 3 11 235
"3989" 4574 3 38 1469
"3990" 4575 3 34 911
"3991" 4576 3 38 2198
"3992" 4577 3 23 3158
"3993" 4578 3 75 1362
"3994" 4579 3 45 2662
"3995" 4580 3 20 3259
"3996" 4581 3 27 1752
"3997" 4582 3 56 531
"3998" 4583 3 84 2415
"3999" 4584 3 56 2233
"4000" 4585 3 49 1377
"4001" 4587 3 29 2737
"4002" 4588 3 19 2411
"4003" 4589 3 28 3509
"4004" 4590 3 17 200
"4005" 4591 3 81 2174
"4006" 250001 3 83 64
"4007" 750001 3 31 1162
"4008" 750002 3 31 3530
"4009" 750003 3 31 3223
"4010" 750004 3 31 2501
"4011" 750005 3 31 55
"4012" 750006 3 31 2235
"4013" 750007 3 31 1538
"4014" 750008 3 31 2804
"4015" 750009 3 31 3587
"4016" 750010 3 31 1356
"4017" 750011 3 31 3015
"4018" 750012 3 31 1503
"4019" 750013 2 31 1245
"4020" 750014 3 31 2067
"4021" 750015 3 31 2780
"4022" 750016 3 31 2525
"4023" 750017 3 31 1226
"4024" 750018 3 31 1373
"4025" 750019 3 31 3699
"4026" 750020 3 31 3405
"4027" 750021 3 31 2145
"4028" 750022 3 31 652
"4029" 750023 3 31 3173
"4030" 750024 3 31 3551
"4031" 750025 3 31 1445
"4032" 750026 3 31 2836
"4033" 750027 3 31 2594
"4034" 750028 3 31 3041
"4035" 750029 3 31 1942
"4036" 750030 3 31 3382
"4037" 750031 3 31 2475
"4038" 750032 3 31 2016
"4039" 750033 3 31 2816
"4040" 750034 3 31 2645
"4041" 750035 3 31 3552
"4042" 750036 3 31 587
"4043" 750037 3 31 513
"4044" 1000001 3 31 587
"4045" 1000002 3 31 3551
"4046" 1000003 3 31 1356
"4047" 1000004 3 31 2836
"4048" 1000005 3 31 1503
"4049" 1000006 3 31 2501
"4050" 1000007 3 31 2016
"4051" 1000008 3 31 3699
"4052" 1000009 3 31 2804
"4053" 1000010 3 31 3405
"4054" 1000011 3 31 2235
"4055" 1000012 3 31 2475
"4056" 1000013 3 31 1226
"4057" 1000014 3 31 1942
"4058" 1000015 3 31 1373
"4059" 1000016 3 31 3530
"4060" 1000017 3 31 2067
"4061" 1000018 3 31 55
"4062" 1000019 3 31 2594
"4063" 1000020 3 31 3552
"4064" 1000021 3 31 652
"4065" 1000022 3 31 1445
"4066" 1000023 3 31 3015
"4067" 1000024 3 31 3173
"4068" 1000025 3 31 3587
"4069" 1000026 3 31 2816
"4070" 1000027 3 31 2645
"4071" 1000028 3 31 2145
"4072" 1000029 3 31 1538
"4073" 1000030 3 31 3382
"4074" 1000031 3 31 2525
"4075" 1000032 3 31 3223
"4076" 1000033 3 31 513
"4077" 1000034 3 31 1162
"4078" 1000035 3 31 3041
"4079" 1000036 3 31 2780
"4080" 1250001 2 31 1245
